original_index,username,iteration,phase,time,gaze_x,gaze_y,speed,matrix_x,matrix_y,density
2,0905-7-lxt,6.0,word,1693908644.781769,1065.9999999999998,577.0,25.612496949731398,6.0,0.0,4
3,0905-7-lxt,6.0,word,1693908644.81382,1033.9999999999998,536.0000000000001,52.009614495783374,6.0,0.0,13
4,0905-7-lxt,6.0,word,1693908644.845867,992.9999999999998,481.99999999999994,67.80117993073571,6.0,0.0,7
5,0905-7-lxt,6.0,word,1693908644.8622315,957.9999999999999,437.00000000000006,57.0087712549569,6.0,0.0,13
6,0905-7-lxt,6.0,word,1693908644.8933074,933.9999999999998,405.0,40.0,6.0,0.0,9
7,0905-7-lxt,6.0,word,1693908644.9257176,919.9999999999998,387.0,22.80350850198276,6.0,0.0,31
8,0905-7-lxt,6.0,word,1693908644.957996,889.9999999999997,370.00000000000006,34.48187929913333,6.0,0.0,38
9,0905-7-lxt,6.0,word,1693908644.9902482,794.9999999999998,333.0,101.95096860746348,6.0,0.0,7
10,0905-7-lxt,6.0,word,1693908645.0213792,714.9999999999999,305.0,84.75848040166836,6.0,0.0,25
11,0905-7-lxt,6.0,word,1693908645.0543811,664.9999999999999,286.0,53.48831648126533,6.0,0.0,83
12,0905-7-lxt,6.0,word,1693908645.0854173,638.0,278.00000000000006,28.16025568065745,6.0,0.0,92
13,0905-7-lxt,6.0,word,1693908645.1174405,623.9999999999998,273.0,14.866068747318506,6.0,0.0,93
14,0905-7-lxt,6.0,word,1693908645.1334157,615.9999999999998,271.0,8.246211251235321,6.0,0.0,90
15,0905-7-lxt,6.0,word,1693908645.1657925,610.9999999999997,268.0,5.830951894845301,6.0,0.0,83
16,0905-7-lxt,6.0,word,1693908645.1979456,607.9999999999998,268.00000000000006,3.0,6.0,0.0,77
17,0905-7-lxt,6.0,word,1693908645.2302434,643.9999999999999,269.0,36.013886210738214,6.0,0.0,85
18,0905-7-lxt,6.0,word,1693908645.2614648,723.9999999999999,269.00000000000006,80.0,6.0,0.0,22
19,0905-7-lxt,6.0,word,1693908645.293573,837.9999999999999,266.0,114.03946685248928,6.0,0.0,3
20,0905-7-lxt,6.0,word,1693908645.325714,933.9999999999998,262.99999999999994,96.04686356149271,6.0,0.0,6
21,0905-7-lxt,6.0,word,1693908645.3579962,995.9999999999998,261.99999999999994,62.00806399170998,6.0,0.0,17
22,0905-7-lxt,6.0,word,1693908645.390143,1035.9999999999998,259.99999999999994,40.049968789001575,6.0,0.0,20
23,0905-7-lxt,6.0,word,1693908645.4062302,1056.9999999999998,261.0,21.02379604162864,6.0,0.0,16
24,0905-7-lxt,6.0,word,1693908645.4374096,1069.9999999999995,260.0,13.038404810405298,6.0,0.0,13
25,0905-7-lxt,6.0,word,1693908645.4696734,1031.9999999999998,261.99999999999994,38.05259518088089,6.0,0.0,22
26,0905-7-lxt,6.0,word,1693908645.5017016,991.9999999999995,262.99999999999994,40.01249804748511,6.0,0.0,16
27,0905-7-lxt,6.0,word,1693908645.5338914,885.9999999999999,263.0,106.0,6.0,0.0,4
28,0905-7-lxt,6.0,word,1693908645.5660443,771.9999999999998,265.0,114.0175425099138,6.0,0.0,10
29,0905-7-lxt,6.0,word,1693908645.5974262,693.9999999999998,264.99999999999994,78.0,6.0,0.0,37
30,0905-7-lxt,6.0,word,1693908645.629573,644.9999999999998,267.99999999999994,49.09175083453431,6.0,0.0,85
31,0905-7-lxt,6.0,word,1693908645.661842,617.0,270.0,28.0713376952364,6.0,0.0,90
32,0905-7-lxt,6.0,word,1693908645.6780682,598.9999999999997,271.0,18.027756377319943,6.0,0.0,52
33,0905-7-lxt,6.0,word,1693908645.7095618,589.0,272.0,10.04987562112089,6.0,0.0,36
34,0905-7-lxt,6.0,word,1693908645.7417738,597.9999999999999,273.0,9.055385138137416,6.0,0.0,48
35,0905-7-lxt,6.0,word,1693908645.7733371,609.9999999999999,274.99999999999994,12.16552506059644,6.0,0.0,83
36,0905-7-lxt,6.0,word,1693908645.8052945,617.0,276.99999999999994,7.280109889280518,6.0,0.0,91
37,0905-7-lxt,6.0,word,1693908645.8376267,620.9999999999998,276.0,4.123105625617661,6.0,0.0,95
38,0905-7-lxt,6.0,word,1693908645.870103,623.9999999999999,276.99999999999994,3.1622776601683795,6.0,0.0,95
39,0905-7-lxt,6.0,word,1693908645.9013696,626.0,276.99999999999994,2.0,6.0,0.0,94
40,0905-7-lxt,6.0,word,1693908645.9339156,626.9999999999999,276.99999999999994,1.0,6.0,0.0,95
41,0905-7-lxt,6.0,word,1693908645.9501815,628.0,276.99999999999994,1.0,6.0,0.0,95
42,0905-7-lxt,6.0,word,1693908645.981742,630.0,277.99999999999994,2.23606797749979,6.0,0.0,95
43,0905-7-lxt,6.0,word,1693908646.013786,630.9999999999998,278.0,1.0,6.0,0.0,96
44,0905-7-lxt,6.0,word,1693908646.0461192,632.9999999999999,278.0,2.0,6.0,0.0,96
45,0905-7-lxt,6.0,word,1693908646.0774298,634.9999999999998,278.0,2.0,6.0,0.0,96
46,0905-7-lxt,6.0,word,1693908646.1094112,635.9999999999998,277.99999999999994,1.0,6.0,0.0,97
47,0905-7-lxt,6.0,word,1693908646.1418629,638.0,278.00000000000006,2.0,6.0,0.0,92
48,0905-7-lxt,6.0,word,1693908646.1732965,639.9999999999999,279.0,2.23606797749979,6.0,0.0,90
49,0905-7-lxt,6.0,word,1693908646.205299,641.9999999999998,279.0,2.0,6.0,0.0,86
50,0905-7-lxt,6.0,word,1693908646.2214482,643.9999999999999,278.99999999999994,2.0,6.0,0.0,86
51,0905-7-lxt,6.0,word,1693908646.2536674,644.9999999999999,279.0,1.0,6.0,0.0,87
52,0905-7-lxt,6.0,word,1693908646.285631,644.9999999999999,279.0,0.0,6.0,0.0,87
53,0905-7-lxt,6.0,word,1693908646.3177829,643.9999999999999,278.99999999999994,1.0,6.0,0.0,86
54,0905-7-lxt,6.0,word,1693908646.350073,642.9999999999999,277.99999999999994,1.4142135623730951,6.0,0.0,85
55,0905-7-lxt,6.0,word,1693908646.3820498,641.9999999999998,278.0,1.0,6.0,0.0,86
56,0905-7-lxt,6.0,word,1693908646.4140494,641.9999999999998,278.0,0.0,6.0,0.0,86
57,0905-7-lxt,6.0,word,1693908646.447051,640.9999999999998,278.0,1.0,6.0,0.0,89
58,0905-7-lxt,6.0,word,1693908646.4780524,640.0,276.99999999999994,1.4142135623730951,6.0,0.0,89
59,0905-7-lxt,6.0,word,1693908646.4940732,638.9999999999999,277.99999999999994,1.4142135623730951,6.0,0.0,91
60,0905-7-lxt,6.0,word,1693908646.5261595,639.0,277.00000000000006,1.0,6.0,0.0,90
61,0905-7-lxt,6.0,word,1693908646.5575073,637.9999999999999,277.0,1.0,6.0,0.0,92
62,0905-7-lxt,6.0,word,1693908646.5900989,636.9999999999998,277.0,1.0,6.0,0.0,94
63,0905-7-lxt,6.0,word,1693908646.6218057,641.0,277.0,4.0,6.0,0.0,87
64,0905-7-lxt,6.0,word,1693908646.653748,648.9999999999999,276.0,8.06225774829855,6.0,0.0,85
65,0905-7-lxt,6.0,word,1693908646.6857188,659.9999999999998,275.9999999999999,11.0,6.0,0.0,86
66,0905-7-lxt,6.0,word,1693908646.71799,671.9999999999999,275.0,12.041594578792296,6.0,0.0,83
67,0905-7-lxt,6.0,word,1693908646.7501285,683.9999999999999,274.0,12.041594578792296,6.0,0.0,53
68,0905-7-lxt,6.0,word,1693908646.7661035,695.9999999999998,274.0,12.0,6.0,0.0,40
69,0905-7-lxt,6.0,word,1693908646.7975402,705.0,274.0,9.0,6.0,0.0,33
70,0905-7-lxt,6.0,word,1693908646.8298688,711.9999999999999,275.0,7.071067811865476,6.0,0.0,29
71,0905-7-lxt,6.0,word,1693908646.8615117,717.9999999999998,275.99999999999994,6.082762530298219,6.0,0.0,26
72,0905-7-lxt,6.0,word,1693908646.893649,710.0,276.0,8.0,6.0,0.0,32
73,0905-7-lxt,6.0,word,1693908646.9266849,703.9999999999999,275.0,6.082762530298219,6.0,0.0,33
74,0905-7-lxt,6.0,word,1693908646.9582164,700.9999999999998,274.99999999999994,3.0,6.0,0.0,36
75,0905-7-lxt,6.0,word,1693908646.989818,692.9999999999999,274.99999999999994,8.0,6.0,0.0,39
76,0905-7-lxt,6.0,word,1693908647.0222836,684.9999999999998,275.0,8.0,6.0,0.0,48
77,0905-7-lxt,6.0,word,1693908647.0373724,674.9999999999997,273.99999999999994,10.04987562112089,6.0,0.0,79
78,0905-7-lxt,6.0,word,1693908647.0697348,666.9999999999999,273.0,8.06225774829855,6.0,0.0,81
79,0905-7-lxt,6.0,word,1693908647.1018827,659.9999999999998,273.0,7.0,6.0,0.0,85
80,0905-7-lxt,6.0,word,1693908647.1340244,653.9999999999998,273.0,6.0,6.0,0.0,85
81,0905-7-lxt,6.0,word,1693908647.166093,648.9999999999999,273.00000000000006,5.0,6.0,0.0,84
82,0905-7-lxt,6.0,word,1693908647.1974144,644.9999999999999,274.0,4.123105625617661,6.0,0.0,86
83,0905-7-lxt,6.0,word,1693908647.229801,642.9999999999998,273.99999999999994,2.0,6.0,0.0,85
84,0905-7-lxt,6.0,word,1693908647.2618923,639.9999999999998,274.99999999999994,3.1622776601683795,6.0,0.0,87
85,0905-7-lxt,6.0,word,1693908647.2778008,637.9999999999999,275.99999999999994,2.23606797749979,6.0,0.0,92
86,0905-7-lxt,6.0,word,1693908647.309826,636.9999999999999,275.99999999999994,1.0,6.0,0.0,94
87,0905-7-lxt,6.0,word,1693908647.3413842,635.9999999999999,275.99999999999994,1.0,6.0,0.0,95
88,0905-7-lxt,6.0,word,1693908647.3737905,636.9999999999998,277.0,1.4142135623730951,6.0,0.0,94
89,0905-7-lxt,6.0,word,1693908647.4059548,641.9999999999999,277.0,5.0,6.0,0.0,85
90,0905-7-lxt,6.0,word,1693908647.4381747,649.0,276.99999999999994,7.0,6.0,0.0,85
91,0905-7-lxt,6.0,word,1693908647.4693146,659.9999999999997,277.99999999999994,11.04536101718726,6.0,0.0,86
92,0905-7-lxt,6.0,word,1693908647.5017366,670.9999999999999,277.99999999999994,11.0,6.0,0.0,84
93,0905-7-lxt,6.0,word,1693908647.533785,680.9999999999999,278.00000000000006,10.0,6.0,0.0,65
94,0905-7-lxt,6.0,word,1693908647.565814,690.9999999999998,279.99999999999994,10.198039027185567,6.0,0.0,41
95,0905-7-lxt,6.0,word,1693908647.5821526,710.9999999999998,277.99999999999994,20.09975124224178,6.0,0.0,32
96,0905-7-lxt,6.0,word,1693908647.6136343,733.9999999999998,274.99999999999994,23.194827009486403,6.0,0.0,20
97,0905-7-lxt,6.0,word,1693908647.6457007,754.9999999999997,271.99999999999994,21.213203435596427,6.0,0.0,13
98,0905-7-lxt,6.0,word,1693908647.678077,769.9999999999997,270.0,15.132745950421556,6.0,0.0,11
99,0905-7-lxt,6.0,word,1693908647.7102213,781.9999999999999,270.00000000000006,12.0,6.0,0.0,10
100,0905-7-lxt,6.0,word,1693908647.7416017,838.0,267.00000000000006,56.08029957123981,6.0,0.0,4
101,0905-7-lxt,6.0,word,1693908647.7737496,907.9999999999998,262.0,70.178344238091,6.0,0.0,4
102,0905-7-lxt,6.0,word,1693908647.8062348,957.9999999999998,258.0,50.15974481593781,6.0,0.0,6
103,0905-7-lxt,6.0,word,1693908647.8221176,992.9999999999998,259.0,35.0142828000232,6.0,0.0,16
104,0905-7-lxt,6.0,word,1693908647.853299,1014.0,258.99999999999994,21.0,6.0,0.0,18
105,0905-7-lxt,6.0,word,1693908647.8853295,1028.9999999999998,259.0,15.0,6.0,0.0,22
106,0905-7-lxt,6.0,word,1693908647.917511,1037.9999999999998,259.0,9.0,6.0,0.0,20
107,0905-7-lxt,6.0,word,1693908647.949779,1029.9999999999998,259.99999999999994,8.06225774829855,6.0,0.0,23
108,0905-7-lxt,6.0,word,1693908647.981367,1020.9999999999999,261.0,9.055385138137416,6.0,0.0,21
109,0905-7-lxt,6.0,word,1693908648.0133674,1015.9999999999998,261.0,5.0,6.0,0.0,19
110,0905-7-lxt,6.0,word,1693908648.0457094,1012.9999999999997,261.00000000000006,3.0,6.0,0.0,19
111,0905-7-lxt,6.0,word,1693908648.0779345,1010.9999999999998,262.0,2.23606797749979,6.0,0.0,18
112,0905-7-lxt,6.0,word,1693908648.0940256,1008.9999999999997,261.99999999999994,2.0,6.0,0.0,18
113,0905-7-lxt,6.0,word,1693908648.1261787,1016.9999999999998,264.0,8.246211251235321,6.0,0.0,20
114,0905-7-lxt,6.0,word,1693908648.1582336,1065.9999999999995,266.0,49.04079934095692,6.0,0.0,17
115,0905-7-lxt,6.0,word,1693908648.1896887,1137.9999999999995,268.99999999999994,72.06247289678588,6.0,0.0,16
116,0905-7-lxt,6.0,word,1693908648.2219555,1196.9999999999995,270.00000000000006,59.00847396772772,6.0,0.0,13
117,0905-7-lxt,6.0,word,1693908648.254051,1239.9999999999993,272.0,43.04648650006177,6.0,0.0,14
118,0905-7-lxt,6.0,word,1693908648.285954,1266.9999999999993,270.99999999999994,27.018512172212592,6.0,0.0,19
119,0905-7-lxt,6.0,word,1693908648.3181148,1282.9999999999993,272.00000000000006,16.0312195418814,6.0,0.0,20
120,0905-7-lxt,6.0,word,1693908648.349305,1292.9999999999993,274.99999999999994,10.44030650891055,6.0,0.0,21
121,0905-7-lxt,6.0,word,1693908648.3654454,1298.9999999999995,274.99999999999994,6.0,6.0,0.0,21
122,0905-7-lxt,6.0,word,1693908648.397868,1302.9999999999995,275.0,4.0,6.0,0.0,20
123,0905-7-lxt,6.0,word,1693908648.4293003,1305.9999999999993,274.0,3.1622776601683795,6.0,0.0,19
124,0905-7-lxt,6.0,word,1693908648.4614449,1311.9999999999995,273.0,6.082762530298219,6.0,0.0,17
125,0905-7-lxt,6.0,word,1693908648.4934762,1316.9999999999998,273.00000000000006,5.0,6.0,0.0,16
126,0905-7-lxt,6.0,word,1693908648.5255992,1320.9999999999993,272.0,4.123105625617661,6.0,0.0,15
127,0905-7-lxt,6.0,word,1693908648.5576303,1323.9999999999995,271.0,3.1622776601683795,6.0,0.0,14
128,0905-7-lxt,6.0,word,1693908648.5896573,1326.9999999999993,268.99999999999994,3.605551275463989,6.0,0.0,13
129,0905-7-lxt,6.0,word,1693908648.6221,1328.9999999999995,267.00000000000006,2.8284271247461903,6.0,0.0,13
130,0905-7-lxt,6.0,word,1693908648.638011,1340.999999999999,268.0,12.041594578792296,6.0,0.0,13
131,0905-7-lxt,6.0,word,1693908648.6693354,1372.9999999999998,267.0,32.01562118716424,6.0,0.0,4
132,0905-7-lxt,6.0,word,1693908648.7019143,1408.9999999999995,266.0,36.013886210738214,6.0,0.0,3
133,0905-7-lxt,6.0,word,1693908648.7338018,1439.9999999999998,263.0,31.144823004794876,6.0,0.0,4
134,0905-7-lxt,6.0,word,1693908648.765965,1462.9999999999993,260.0,23.194827009486403,6.0,0.0,5
135,0905-7-lxt,6.0,word,1693908648.797288,1480.9999999999993,259.99999999999994,18.0,6.0,0.0,3
136,0905-7-lxt,6.0,word,1693908648.8296733,1492.9999999999993,259.99999999999994,12.0,6.0,0.0,3
137,0905-7-lxt,6.0,word,1693908648.8618977,1485.9999999999995,259.99999999999994,7.0,6.0,0.0,3
138,0905-7-lxt,6.0,word,1693908648.877967,1435.9999999999995,261.0,50.00999900019995,6.0,0.0,3
139,0905-7-lxt,6.0,word,1693908648.9100342,1133.9999999999998,270.0,302.1340761979688,6.0,0.0,18
140,0905-7-lxt,6.0,word,1693908648.942037,802.9999999999999,284.0,331.2959402105616,6.0,0.0,11
141,0905-7-lxt,6.0,word,1693908648.9741998,629.9999999999998,292.0,173.18487231857176,6.0,0.0,97
142,0905-7-lxt,6.0,word,1693908649.0053875,555.9999999999999,295.99999999999994,74.10802925459562,6.0,0.0,2
143,0905-7-lxt,6.0,word,1693908649.037885,522.9999999999999,299.00000000000006,33.13608305156178,6.0,0.0,3
144,0905-7-lxt,6.0,word,1693908649.0700562,493.99999999999983,307.0,30.083217912982647,6.0,0.0,4
145,0905-7-lxt,6.0,word,1693908649.1021771,469.9999999999999,316.99999999999994,26.0,6.0,0.0,10
146,0905-7-lxt,6.0,word,1693908649.1335082,458.99999999999994,321.99999999999994,12.083045973594572,6.0,0.0,10
147,0905-7-lxt,6.0,word,1693908649.16566,453.99999999999994,328.0,7.810249675906654,6.0,0.0,9
148,0905-7-lxt,6.0,word,1693908649.182144,448.99999999999983,329.99999999999994,5.385164807134504,6.0,0.0,9
149,0905-7-lxt,6.0,word,1693908649.2143764,446.99999999999983,333.0,3.605551275463989,6.0,0.0,9
150,0905-7-lxt,6.0,word,1693908649.2455664,445.99999999999983,334.0,1.4142135623730951,6.0,0.0,9
151,0905-7-lxt,6.0,word,1693908649.2776272,443.99999999999983,336.0,2.8284271247461903,6.0,0.0,9
152,0905-7-lxt,6.0,word,1693908649.3096385,442.99999999999994,337.0,1.4142135623730951,6.0,0.0,9
153,0905-7-lxt,6.0,word,1693908649.3418708,449.9999999999999,336.0,7.071067811865476,6.0,0.0,9
154,0905-7-lxt,6.0,word,1693908649.3740578,467.9999999999998,334.99999999999994,18.027756377319943,6.0,0.0,10
155,0905-7-lxt,6.0,word,1693908649.4054446,533.9999999999998,332.0,66.06814663663572,6.0,0.0,1
156,0905-7-lxt,6.0,word,1693908649.437479,614.9999999999998,327.99999999999994,81.09870529176159,6.0,0.0,21
157,0905-7-lxt,6.0,word,1693908649.453429,679.9999999999999,327.0,65.00769185258002,6.0,0.0,16
158,0905-7-lxt,6.0,word,1693908649.4856489,724.9999999999999,325.99999999999994,45.0111097397076,6.0,0.0,7
159,0905-7-lxt,6.0,word,1693908649.517856,751.9999999999999,325.00000000000006,27.018512172212592,6.0,0.0,9
160,0905-7-lxt,6.0,word,1693908649.549858,768.9999999999998,325.99999999999994,17.029386365926403,6.0,0.0,10
161,0905-7-lxt,6.0,word,1693908649.581957,780.9999999999999,326.99999999999994,12.041594578792296,6.0,0.0,10
162,0905-7-lxt,6.0,word,1693908649.613341,856.9999999999998,325.99999999999994,76.00657866263946,6.0,0.0,3
163,0905-7-lxt,6.0,word,1693908649.6457295,951.9999999999997,326.99999999999994,95.00526301210895,6.0,0.0,8
164,0905-7-lxt,6.0,word,1693908649.677829,1016.9999999999997,329.0,65.03076195155643,6.0,0.0,5
165,0905-7-lxt,6.0,word,1693908649.7094517,1052.9999999999998,330.99999999999994,36.05551275463989,6.0,0.0,12
166,0905-7-lxt,6.0,word,1693908649.7255328,1074.9999999999995,330.0,22.02271554554524,6.0,0.0,15
167,0905-7-lxt,6.0,word,1693908649.758038,1091.9999999999995,361.0,35.35533905932738,6.0,0.0,14
168,0905-7-lxt,6.0,word,1693908649.8862054,1278.9999999999998,425.9999999999999,197.9747458642137,6.0,0.0,3
169,0905-7-lxt,6.0,word,1693908649.9177265,1130.9999999999998,427.0000000000001,148.00337833982033,6.0,0.0,19
170,0905-7-lxt,6.0,word,1693908649.9497218,1111.9999999999995,409.99999999999994,25.495097567963924,6.0,0.0,7
171,0905-7-lxt,6.0,word,1693908649.9814413,1098.0,392.00000000000006,22.80350850198276,6.0,0.0,6
172,0905-7-lxt,6.0,word,1693908649.9976285,1084.9999999999998,374.00000000000006,22.20360331117452,6.0,0.0,11
173,0905-7-lxt,6.0,word,1693908650.0297828,1071.9999999999995,358.99999999999994,19.849433241279208,6.0,0.0,14
174,0905-7-lxt,6.0,word,1693908650.0622025,1060.0,348.0,16.278820596099706,6.0,0.0,15
175,0905-7-lxt,6.0,word,1693908650.0942185,1050.9999999999998,339.0,12.727922061357855,6.0,0.0,12
176,0905-7-lxt,6.0,word,1693908650.1253824,1045.9999999999998,332.0,8.602325267042627,6.0,0.0,11
177,0905-7-lxt,6.0,word,1693908650.1577475,1059.9999999999998,317.0,20.518284528683196,6.0,0.0,15
178,0905-7-lxt,6.0,word,1693908650.1900606,1076.9999999999998,302.00000000000006,22.67156809750927,6.0,0.0,16
179,0905-7-lxt,6.0,word,1693908650.2212925,1090.9999999999998,293.0,16.64331697709324,6.0,0.0,18
180,0905-7-lxt,6.0,word,1693908650.2535214,1099.9999999999995,286.99999999999994,10.816653826391969,6.0,0.0,17
181,0905-7-lxt,6.0,word,1693908650.270008,1107.9999999999998,280.99999999999994,10.0,6.0,0.0,16
182,0905-7-lxt,6.0,word,1693908650.3014178,1113.9999999999995,276.99999999999994,7.211102550927978,6.0,0.0,16
183,0905-7-lxt,6.0,word,1693908650.333819,1117.9999999999998,275.99999999999994,4.123105625617661,6.0,0.0,17
184,0905-7-lxt,6.0,word,1693908650.3661876,1119.9999999999998,273.99999999999994,2.8284271247461903,6.0,0.0,16
185,0905-7-lxt,6.0,word,1693908650.397607,1133.9999999999993,270.99999999999994,14.317821063276352,6.0,0.0,18
186,0905-7-lxt,6.0,word,1693908650.429612,1168.9999999999998,268.0,35.12833614050059,6.0,0.0,15
187,0905-7-lxt,6.0,word,1693908650.4618945,1207.9999999999993,266.0,39.05124837953327,6.0,0.0,13
188,0905-7-lxt,6.0,word,1693908650.4933767,1239.9999999999995,267.00000000000006,32.01562118716424,6.0,0.0,14
189,0905-7-lxt,6.0,word,1693908650.5255823,1260.9999999999995,266.0,21.02379604162864,6.0,0.0,16
190,0905-7-lxt,6.0,word,1693908650.5418472,1274.9999999999995,265.99999999999994,14.0,6.0,0.0,19
191,0905-7-lxt,6.0,word,1693908650.5741775,1284.9999999999993,266.0,10.0,6.0,0.0,19
192,0905-7-lxt,6.0,word,1693908650.6056018,1293.9999999999995,266.0,9.0,6.0,0.0,19
193,0905-7-lxt,6.0,word,1693908650.6379263,1303.9999999999993,267.99999999999994,10.198039027185567,6.0,0.0,20
194,0905-7-lxt,6.0,word,1693908650.6694405,1333.9999999999998,280.0,32.31098884280702,6.0,0.0,13
195,0905-7-lxt,6.0,word,1693908650.701604,1368.9999999999998,292.99999999999994,37.33630940518894,6.0,0.0,7
196,0905-7-lxt,6.0,word,1693908650.7338874,1394.9999999999993,305.0,28.635642126552707,6.0,0.0,8
197,0905-7-lxt,6.0,word,1693908650.7662013,1414.9999999999998,314.0,21.93171219946131,6.0,0.0,8
198,0905-7-lxt,6.0,word,1693908650.7975633,1429.9999999999998,320.00000000000006,16.15549442140351,6.0,0.0,12
199,0905-7-lxt,6.0,word,1693908650.813568,1438.9999999999993,323.99999999999994,9.848857801796104,6.0,0.0,16
200,0905-7-lxt,6.0,word,1693908650.8456287,1417.9999999999995,325.0,21.02379604162864,6.0,0.0,11
201,0905-7-lxt,6.0,word,1693908650.8780174,1296.9999999999998,332.0,121.2023102090055,6.0,0.0,4
202,0905-7-lxt,6.0,word,1693908650.9094195,977.9999999999998,356.00000000000006,319.9015473548073,6.0,0.0,6
203,0905-7-lxt,6.0,word,1693908650.9415724,750.9999999999998,374.0000000000001,227.71253808255707,6.0,0.0,19
204,0905-7-lxt,6.0,word,1693908650.974851,640.9999999999998,382.0000000000001,110.2905254316979,6.0,0.0,12
205,0905-7-lxt,6.0,word,1693908651.0053918,592.9999999999998,384.99999999999994,48.0936586256442,6.0,0.0,16
206,0905-7-lxt,6.0,word,1693908651.0374491,567.9999999999999,388.99999999999994,25.317977802344327,6.0,0.0,19
207,0905-7-lxt,6.0,word,1693908651.0696046,554.9999999999998,390.0000000000001,13.038404810405298,6.0,0.0,23
208,0905-7-lxt,6.0,word,1693908651.0856917,549.9999999999999,389.99999999999994,5.0,6.0,0.0,20
209,0905-7-lxt,6.0,word,1693908651.1177893,526.0,392.0,24.08318915758459,6.0,0.0,17
210,0905-7-lxt,6.0,word,1693908651.1497374,502.9999999999999,396.00000000000006,23.345235059857504,6.0,0.0,12
211,0905-7-lxt,6.0,word,1693908651.1817565,488.9999999999999,395.99999999999994,14.0,6.0,0.0,10
212,0905-7-lxt,6.0,word,1693908651.213734,480.0,396.0,9.0,6.0,0.0,5
213,0905-7-lxt,6.0,word,1693908651.2458837,473.99999999999994,396.99999999999994,6.082762530298219,6.0,0.0,5
214,0905-7-lxt,6.0,word,1693908651.2773082,469.99999999999983,396.99999999999994,4.0,6.0,0.0,5
215,0905-7-lxt,6.0,word,1693908651.3102329,495.99999999999994,395.00000000000006,26.0768096208106,6.0,0.0,11
216,0905-7-lxt,6.0,word,1693908651.3415463,546.9999999999999,391.99999999999994,51.0881590977792,6.0,0.0,20
217,0905-7-lxt,6.0,word,1693908651.3575175,629.9999999999998,385.99999999999994,83.21658488546619,6.0,0.0,15
218,0905-7-lxt,6.0,word,1693908651.3897543,703.9999999999998,382.00000000000006,74.10802925459562,6.0,0.0,5
219,0905-7-lxt,6.0,word,1693908651.4221003,756.0,378.0,52.15361924162119,6.0,0.0,19
220,0905-7-lxt,6.0,word,1693908651.453377,785.9999999999999,375.99999999999994,30.066592756745816,6.0,0.0,19
221,0905-7-lxt,6.0,word,1693908651.4854138,785.9999999999999,379.00000000000006,3.0,6.0,0.0,19
222,0905-7-lxt,6.0,word,1693908651.5179365,777.9999999999998,380.00000000000006,8.06225774829855,6.0,0.0,18
223,0905-7-lxt,6.0,word,1693908651.550123,772.9999999999997,381.0,5.0990195135927845,6.0,0.0,20
224,0905-7-lxt,6.0,word,1693908651.581414,769.9999999999995,382.0,3.1622776601683795,6.0,0.0,20
225,0905-7-lxt,6.0,word,1693908651.6136942,767.9999999999999,383.00000000000006,2.23606797749979,6.0,0.0,18
226,0905-7-lxt,6.0,word,1693908651.6300178,766.9999999999999,382.99999999999994,1.0,6.0,0.0,18
227,0905-7-lxt,6.0,word,1693908651.662165,764.9999999999999,384.0,2.23606797749979,6.0,0.0,18
228,0905-7-lxt,6.0,word,1693908651.693593,763.9999999999999,384.0,1.0,6.0,0.0,18
229,0905-7-lxt,6.0,word,1693908651.7256672,763.9999999999999,384.9999999999999,1.0,6.0,0.0,18
230,0905-7-lxt,6.0,word,1693908651.7576616,763.9999999999999,384.9999999999999,0.0,6.0,0.0,18
231,0905-7-lxt,6.0,word,1693908651.7898257,777.9999999999999,383.0000000000001,14.142135623730953,6.0,0.0,18
232,0905-7-lxt,6.0,word,1693908651.8219745,807.9999999999998,381.00000000000006,30.066592756745816,6.0,0.0,17
233,0905-7-lxt,6.0,word,1693908651.8543098,838.9999999999999,381.00000000000006,31.0,6.0,0.0,21
234,0905-7-lxt,6.0,word,1693908651.8856325,865.9999999999998,381.00000000000006,27.0,6.0,0.0,46
235,0905-7-lxt,6.0,word,1693908651.9016294,886.9999999999999,380.0,21.02379604162864,6.0,0.0,41
236,0905-7-lxt,6.0,word,1693908651.9340253,899.9999999999997,377.99999999999994,13.152946437965904,6.0,0.0,38
237,0905-7-lxt,6.0,word,1693908651.9660454,909.9999999999998,375.99999999999994,10.198039027185567,6.0,0.0,35
238,0905-7-lxt,6.0,word,1693908651.9973493,922.9999999999998,377.0,13.038404810405298,6.0,0.0,34
239,0905-7-lxt,6.0,word,1693908652.0299494,976.9999999999998,374.00000000000006,54.08326913195984,6.0,0.0,6
240,0905-7-lxt,6.0,word,1693908652.061367,1037.9999999999995,370.0,61.1310068623117,6.0,0.0,8
241,0905-7-lxt,6.0,word,1693908652.093964,1078.9999999999998,368.0,41.04875150354759,6.0,0.0,12
242,0905-7-lxt,6.0,word,1693908652.3019097,1328.9999999999995,417.00000000000006,254.7567467212596,6.0,0.0,1
243,0905-7-lxt,6.0,word,1693908652.3340302,1171.9999999999995,452.0,160.85397104206038,6.0,0.0,15
244,0905-7-lxt,6.0,word,1693908652.365297,1175.9999999999995,436.00000000000006,16.492422502470642,6.0,0.0,15
245,0905-7-lxt,6.0,word,1693908652.3976605,1179.9999999999993,421.99999999999994,14.560219778561036,6.0,0.0,14
246,0905-7-lxt,6.0,word,1693908652.4136946,1182.9999999999995,410.0,12.36931687685298,6.0,0.0,8
247,0905-7-lxt,6.0,word,1693908652.4461448,1185.9999999999995,400.99999999999994,9.486832980505138,6.0,0.0,8
248,0905-7-lxt,6.0,word,1693908652.4774196,1187.999999999999,393.9999999999999,7.280109889280518,6.0,0.0,7
249,0905-7-lxt,6.0,word,1693908652.5096688,1189.9999999999995,391.99999999999994,2.8284271247461903,6.0,0.0,7
250,0905-7-lxt,6.0,word,1693908652.5418184,1188.9999999999995,390.99999999999994,1.4142135623730951,6.0,0.0,7
251,0905-7-lxt,6.0,word,1693908652.5737932,1155.9999999999993,393.00000000000006,33.06055050963308,6.0,0.0,8
252,0905-7-lxt,6.0,word,1693908652.6062295,1104.9999999999998,396.0,51.0881590977792,6.0,0.0,6
253,0905-7-lxt,6.0,word,1693908652.6373923,1054.9999999999995,398.0000000000001,50.039984012787215,6.0,0.0,4
254,0905-7-lxt,6.0,word,1693908652.6697316,1018.0,400.0,37.05401462729781,6.0,0.0,3
255,0905-7-lxt,6.0,word,1693908652.685885,990.9999999999998,400.99999999999994,27.018512172212592,6.0,0.0,4
256,0905-7-lxt,6.0,word,1693908652.7173998,969.9999999999997,402.00000000000006,21.02379604162864,6.0,0.0,6
257,0905-7-lxt,6.0,word,1693908652.7498422,944.9999999999999,407.0000000000001,25.495097567963924,6.0,0.0,7
258,0905-7-lxt,6.0,word,1693908652.7819989,908.9999999999997,406.9999999999999,36.0,6.0,0.0,17
259,0905-7-lxt,6.0,word,1693908652.8139737,881.9999999999999,406.00000000000006,27.018512172212592,6.0,0.0,22
260,0905-7-lxt,6.0,word,1693908652.846014,863.9999999999998,403.99999999999994,18.110770276274835,6.0,0.0,27
261,0905-7-lxt,6.0,word,1693908652.877606,851.9999999999998,402.0000000000001,12.16552506059644,6.0,0.0,25
262,0905-7-lxt,6.0,word,1693908652.9098525,843.9999999999999,400.00000000000006,8.246211251235321,6.0,0.0,21
263,0905-7-lxt,6.0,word,1693908652.9420087,837.9999999999998,402.0,6.324555320336759,6.0,0.0,20
264,0905-7-lxt,6.0,word,1693908652.958094,833.9999999999998,402.0,4.0,6.0,0.0,20
265,0905-7-lxt,6.0,word,1693908652.989383,831.9999999999998,402.0,2.0,6.0,0.0,19
266,0905-7-lxt,6.0,word,1693908653.0216613,829.9999999999999,402.0000000000001,2.0,6.0,0.0,18
267,0905-7-lxt,6.0,word,1693908653.0536845,837.9999999999998,401.0,8.06225774829855,6.0,0.0,20
268,0905-7-lxt,6.0,word,1693908653.0856762,843.9999999999999,400.00000000000006,6.082762530298219,6.0,0.0,21
269,0905-7-lxt,6.0,word,1693908653.1176784,849.9999999999998,399.0,6.082762530298219,6.0,0.0,25
270,0905-7-lxt,6.0,word,1693908653.1499257,859.0,398.0,9.055385138137416,6.0,0.0,27
271,0905-7-lxt,6.0,word,1693908653.1820402,868.9999999999999,396.00000000000006,10.198039027185567,6.0,0.0,34
272,0905-7-lxt,6.0,word,1693908653.2134888,878.9999999999998,393.99999999999994,10.198039027185567,6.0,0.0,43
273,0905-7-lxt,6.0,word,1693908653.2294345,887.9999999999997,392.99999999999994,9.055385138137416,6.0,0.0,43
274,0905-7-lxt,6.0,word,1693908653.261443,894.9999999999998,390.9999999999999,7.280109889280518,6.0,0.0,40
275,0905-7-lxt,6.0,word,1693908653.2937498,899.9999999999999,391.00000000000006,5.0,6.0,0.0,39
276,0905-7-lxt,6.0,word,1693908653.3260045,887.9999999999998,391.0,12.0,6.0,0.0,43
277,0905-7-lxt,6.0,word,1693908653.358179,831.9999999999998,393.0,56.0357029044876,6.0,0.0,20
278,0905-7-lxt,6.0,word,1693908653.390213,737.9999999999998,392.99999999999994,94.0,6.0,0.0,15
279,0905-7-lxt,6.0,word,1693908653.421368,659.9999999999998,395.0,78.02563681252464,6.0,0.0,6
280,0905-7-lxt,6.0,word,1693908653.4536014,604.9999999999998,398.0,55.08175741568164,6.0,0.0,23
281,0905-7-lxt,6.0,word,1693908653.485705,571.9999999999997,401.0,33.13608305156178,6.0,0.0,23
282,0905-7-lxt,6.0,word,1693908653.5018682,550.9999999999999,403.0,21.095023109728988,6.0,0.0,22
283,0905-7-lxt,6.0,word,1693908653.534148,537.9999999999998,401.99999999999994,13.038404810405298,6.0,0.0,20
284,0905-7-lxt,6.0,word,1693908653.5656202,529.9999999999999,402.99999999999994,8.06225774829855,6.0,0.0,17
285,0905-7-lxt,6.0,word,1693908653.5977004,524.9999999999999,405.99999999999994,5.830951894845301,6.0,0.0,15
286,0905-7-lxt,6.0,word,1693908653.6300905,520.9999999999999,406.0000000000001,4.0,6.0,0.0,15
287,0905-7-lxt,6.0,word,1693908653.662084,519.9999999999999,405.99999999999994,1.0,6.0,0.0,15
288,0905-7-lxt,6.0,word,1693908653.6934192,522.0,406.99999999999994,2.23606797749979,6.0,0.0,15
289,0905-7-lxt,6.0,word,1693908653.7256222,567.9999999999998,404.9999999999999,46.04345773288535,6.0,0.0,25
290,0905-7-lxt,6.0,word,1693908653.7580452,883.9999999999998,385.99999999999994,316.5706872090339,6.0,0.0,42
291,0905-7-lxt,6.0,word,1693908653.774094,1197.9999999999993,369.0,314.45985435346114,6.0,0.0,4
292,0905-7-lxt,6.0,word,1693908653.805523,1351.9999999999993,359.0,154.3243337908834,6.0,0.0,2
293,0905-7-lxt,6.0,word,1693908653.837495,1418.9999999999995,352.0,67.36467917239716,6.0,0.0,16
294,0905-7-lxt,6.0,word,1693908653.8698356,1448.9999999999993,347.0,30.4138126514911,6.0,0.0,17
295,0905-7-lxt,6.0,word,1693908653.9022243,1462.9999999999993,349.99999999999994,14.317821063276352,6.0,0.0,12
296,0905-7-lxt,6.0,word,1693908653.9335291,1470.999999999999,350.0,8.0,6.0,0.0,10
297,0905-7-lxt,6.0,word,1693908653.96568,1472.9999999999998,347.0,3.605551275463989,6.0,0.0,9
298,0905-7-lxt,6.0,word,1693908653.9977703,1460.9999999999993,351.99999999999994,13.0,6.0,0.0,13
299,0905-7-lxt,6.0,word,1693908654.030213,1444.9999999999993,360.0,17.88854381999832,6.0,0.0,15
300,0905-7-lxt,6.0,word,1693908654.0455184,1438.9999999999995,366.00000000000006,8.48528137423857,6.0,0.0,15
301,0905-7-lxt,6.0,word,1693908654.0781655,1433.9999999999995,372.00000000000006,7.810249675906654,6.0,0.0,14
302,0905-7-lxt,6.0,word,1693908654.1095424,1430.9999999999998,376.0,5.0,6.0,0.0,16
303,0905-7-lxt,6.0,word,1693908654.1419978,1427.9999999999995,380.0,5.0,6.0,0.0,14
304,0905-7-lxt,6.0,word,1693908654.1742594,1411.9999999999993,384.99999999999994,16.76305461424021,6.0,0.0,9
305,0905-7-lxt,6.0,word,1693908654.2054543,1276.9999999999998,399.00000000000006,135.72398461583714,6.0,0.0,2
306,0905-7-lxt,6.0,word,1693908654.2380166,969.9999999999998,427.99999999999994,308.36666486505965,6.0,0.0,9
307,0905-7-lxt,6.0,word,1693908654.2693646,768.9999999999998,448.99999999999994,202.09403751719148,6.0,0.0,21
308,0905-7-lxt,6.0,word,1693908654.3016424,672.0,460.0,97.62171889492625,6.0,0.0,18
309,0905-7-lxt,6.0,word,1693908654.317643,625.9999999999998,462.0,46.04345773288535,6.0,0.0,23
310,0905-7-lxt,6.0,word,1693908654.3498683,605.9999999999999,469.0,21.18962010041709,6.0,0.0,23
311,0905-7-lxt,6.0,word,1693908654.3814533,595.9999999999999,472.0000000000001,10.44030650891055,6.0,0.0,17
312,0905-7-lxt,6.0,word,1693908654.41387,589.0,472.00000000000006,7.0,6.0,0.0,18
313,0905-7-lxt,6.0,word,1693908654.4457538,585.9999999999998,472.0,3.0,6.0,0.0,17
314,0905-7-lxt,6.0,word,1693908654.478003,598.9999999999999,471.99999999999994,13.0,6.0,0.0,18
315,0905-7-lxt,6.0,word,1693908654.510162,639.9999999999999,468.99999999999994,41.10960958218893,6.0,0.0,22
316,0905-7-lxt,6.0,word,1693908654.541643,863.9999999999998,450.9999999999999,224.72205054244236,6.0,0.0,10
317,0905-7-lxt,6.0,word,1693908654.557612,1144.9999999999998,427.0000000000001,282.02304870347035,6.0,0.0,18
318,0905-7-lxt,6.0,word,1693908654.589612,1311.9999999999995,415.99999999999994,167.36188335460378,6.0,0.0,3
319,0905-7-lxt,6.0,word,1693908654.6219118,1392.9999999999998,414.0,81.02468759581859,6.0,0.0,3
320,0905-7-lxt,6.0,word,1693908654.6539965,1428.9999999999995,413.99999999999994,36.0,6.0,0.0,11
321,0905-7-lxt,6.0,word,1693908654.6858866,1445.9999999999993,411.99999999999994,17.11724276862369,6.0,0.0,9
322,0905-7-lxt,6.0,word,1693908654.7181869,1455.9999999999995,408.99999999999994,10.44030650891055,6.0,0.0,6
323,0905-7-lxt,6.0,word,1693908654.7495315,1459.9999999999993,409.0,4.0,6.0,0.0,6
324,0905-7-lxt,6.0,word,1693908654.7818613,1460.9999999999993,407.0,2.23606797749979,6.0,0.0,6
325,0905-7-lxt,6.0,word,1693908654.8141074,1461.9999999999998,407.0,1.0,6.0,0.0,6
326,0905-7-lxt,6.0,word,1693908654.8301282,1452.9999999999995,405.99999999999994,9.055385138137416,6.0,0.0,9
327,0905-7-lxt,6.0,word,1693908654.862275,1407.9999999999993,405.99999999999994,45.0,6.0,0.0,6
328,0905-7-lxt,6.0,word,1693908654.8937595,1141.9999999999998,418.00000000000006,266.27053911388697,6.0,0.0,12
329,0905-7-lxt,6.0,word,1693908654.9257357,862.9999999999997,427.99999999999994,279.17915394957413,6.0,0.0,20
330,0905-7-lxt,6.0,word,1693908654.957411,710.9999999999998,434.0,152.11837495845134,6.0,0.0,9
331,0905-7-lxt,6.0,word,1693908654.989456,640.9999999999998,441.0,70.34912934784623,6.0,0.0,24
332,0905-7-lxt,6.0,word,1693908655.0214765,606.9999999999997,446.99999999999994,34.52535300326414,6.0,0.0,32
333,0905-7-lxt,6.0,word,1693908655.053451,593.9999999999998,450.0,13.341664064126334,6.0,0.0,30
334,0905-7-lxt,6.0,word,1693908655.0854447,586.9999999999999,446.99999999999994,7.615773105863909,6.0,0.0,26
335,0905-7-lxt,6.0,word,1693908655.101419,583.9999999999998,447.99999999999994,3.1622776601683795,6.0,0.0,25
336,0905-7-lxt,6.0,word,1693908655.1334443,581.9999999999998,448.00000000000006,2.0,6.0,0.0,25
337,0905-7-lxt,6.0,word,1693908655.165735,581.9999999999998,448.00000000000006,0.0,6.0,0.0,25
338,0905-7-lxt,6.0,word,1693908655.197322,613.9999999999998,450.0,32.0624390837628,6.0,0.0,36
339,0905-7-lxt,6.0,word,1693908655.2295418,632.9999999999998,450.0,19.0,6.0,0.0,30
340,0905-7-lxt,6.0,word,1693908655.2615387,675.9999999999998,450.9999999999999,43.01162633521314,6.0,0.0,18
341,0905-7-lxt,6.0,word,1693908655.29387,727.9999999999998,452.00000000000006,52.009614495783374,6.0,0.0,10
342,0905-7-lxt,6.0,word,1693908655.3257787,772.9999999999998,452.99999999999994,45.0111097397076,6.0,0.0,20
343,0905-7-lxt,6.0,word,1693908655.35808,804.9999999999998,450.99999999999994,32.0624390837628,6.0,0.0,23
344,0905-7-lxt,6.0,word,1693908655.3742828,823.9999999999999,450.00000000000006,19.026297590440446,6.0,0.0,21
345,0905-7-lxt,6.0,word,1693908655.4053257,836.9999999999997,449.00000000000006,13.038404810405298,6.0,0.0,19
346,0905-7-lxt,6.0,word,1693908655.4374132,842.9999999999997,449.99999999999994,6.082762530298219,6.0,0.0,19
347,0905-7-lxt,6.0,word,1693908655.4697592,846.9999999999998,450.99999999999994,4.123105625617661,6.0,0.0,15
348,0905-7-lxt,6.0,word,1693908655.5020642,879.9999999999998,454.00000000000006,33.13608305156178,6.0,0.0,13
349,0905-7-lxt,6.0,word,1693908655.5340345,949.9999999999998,454.00000000000006,70.0,6.0,0.0,12
350,0905-7-lxt,6.0,word,1693908655.5660348,1008.9999999999995,451.99999999999994,59.033888572581766,6.0,0.0,8
351,0905-7-lxt,6.0,word,1693908655.597595,1050.9999999999998,452.0,42.0,6.0,0.0,14
352,0905-7-lxt,6.0,word,1693908655.6299212,1074.9999999999998,452.00000000000006,24.0,6.0,0.0,21
353,0905-7-lxt,6.0,word,1693908655.6458962,1092.9999999999998,453.0,18.027756377319943,6.0,0.0,30
354,0905-7-lxt,6.0,word,1693908655.6783705,1102.9999999999998,455.0,10.198039027185567,6.0,0.0,34
355,0905-7-lxt,6.0,word,1693908655.7099123,1108.9999999999995,453.99999999999994,6.082762530298219,6.0,0.0,32
356,0905-7-lxt,6.0,word,1693908655.7413683,1113.9999999999995,454.00000000000006,5.0,6.0,0.0,33
357,0905-7-lxt,6.0,word,1693908655.7739222,1116.9999999999995,453.99999999999994,3.0,6.0,0.0,31
358,0905-7-lxt,6.0,word,1693908655.805808,1108.9999999999995,456.0,8.246211251235321,6.0,0.0,33
359,0905-7-lxt,6.0,word,1693908655.8389611,1091.9999999999995,455.0,17.029386365926403,6.0,0.0,29
360,0905-7-lxt,6.0,word,1693908655.869602,1024.9999999999995,455.99999999999994,67.00746227100382,6.0,0.0,8
361,0905-7-lxt,6.0,word,1693908655.901754,939.9999999999997,456.0,85.0,6.0,0.0,10
362,0905-7-lxt,6.0,word,1693908655.9178462,869.9999999999997,458.0,70.02856560004639,6.0,0.0,14
363,0905-7-lxt,6.0,word,1693908655.95006,823.9999999999998,458.99999999999994,46.01086828130936,6.0,0.0,23
364,0905-7-lxt,6.0,word,1693908655.982059,794.9999999999998,460.0,29.017236257093817,6.0,0.0,22
365,0905-7-lxt,6.0,word,1693908656.0136027,773.9999999999998,461.0,21.02379604162864,6.0,0.0,20
366,0905-7-lxt,6.0,word,1693908656.0457163,761.9999999999999,462.0,12.041594578792296,6.0,0.0,18
367,0905-7-lxt,6.0,word,1693908656.07803,770.9999999999999,460.00000000000006,9.219544457292889,6.0,0.0,20
368,0905-7-lxt,6.0,word,1693908656.1093829,784.0,460.0,13.0,6.0,0.0,20
369,0905-7-lxt,6.0,word,1693908656.1415462,790.9999999999997,460.0000000000001,7.0,6.0,0.0,22
370,0905-7-lxt,6.0,word,1693908656.173893,794.9999999999999,459.0,4.123105625617661,6.0,0.0,22
371,0905-7-lxt,6.0,word,1693908656.1898904,796.9999999999998,459.0,2.0,6.0,0.0,22
372,0905-7-lxt,6.0,word,1693908656.2214768,798.9999999999999,459.00000000000006,2.0,6.0,0.0,23
373,0905-7-lxt,6.0,word,1693908656.2536323,799.9999999999999,459.0,1.0,6.0,0.0,23
374,0905-7-lxt,6.0,word,1693908656.2858508,801.9999999999998,458.9999999999999,2.0,6.0,0.0,23
375,0905-7-lxt,6.0,word,1693908656.317938,804.0,458.00000000000006,2.23606797749979,6.0,0.0,24
376,0905-7-lxt,6.0,word,1693908656.3512273,806.9999999999998,459.0,3.1622776601683795,6.0,0.0,24
377,0905-7-lxt,6.0,word,1693908656.3814778,823.9999999999997,457.99999999999994,17.029386365926403,6.0,0.0,22
378,0905-7-lxt,6.0,word,1693908656.413973,860.9999999999999,457.00000000000006,37.01351104664349,6.0,0.0,16
379,0905-7-lxt,6.0,word,1693908656.4460073,898.9999999999997,458.00000000000006,38.01315561749642,6.0,0.0,11
380,0905-7-lxt,6.0,word,1693908656.4620357,928.9999999999998,456.0,30.066592756745816,6.0,0.0,10
381,0905-7-lxt,6.0,word,1693908656.4933522,950.9999999999997,453.00000000000006,22.20360331117452,6.0,0.0,12
382,0905-7-lxt,6.0,word,1693908656.5256517,966.9999999999998,450.0,16.278820596099706,6.0,0.0,13
383,0905-7-lxt,6.0,word,1693908656.5578082,976.9999999999999,447.99999999999994,10.198039027185567,6.0,0.0,12
384,0905-7-lxt,6.0,word,1693908656.590005,984.9999999999999,446.99999999999994,8.06225774829855,6.0,0.0,11
385,0905-7-lxt,6.0,word,1693908656.6221466,1005.9999999999997,448.9999999999999,21.095023109728988,6.0,0.0,9
386,0905-7-lxt,6.0,word,1693908656.653345,1065.9999999999998,450.00000000000006,60.00833275470999,6.0,0.0,17
387,0905-7-lxt,6.0,word,1693908656.6853948,1127.9999999999998,448.00000000000006,62.03224967708329,6.0,0.0,31
388,0905-7-lxt,6.0,word,1693908656.7177024,1173.9999999999998,447.0,46.01086828130936,6.0,0.0,15
389,0905-7-lxt,6.0,word,1693908656.7335875,1201.9999999999998,448.0,28.0178514522438,6.0,0.0,10
390,0905-7-lxt,6.0,word,1693908656.765889,1221.9999999999995,451.0,20.223748416156685,6.0,0.0,5
391,0905-7-lxt,6.0,word,1693908656.7981498,1240.9999999999995,452.99999999999994,19.1049731745428,6.0,0.0,5
392,0905-7-lxt,6.0,word,1693908656.829519,1296.0,456.00000000000006,55.08175741568164,6.0,0.0,5
393,0905-7-lxt,6.0,word,1693908656.8615189,1347.9999999999995,457.9999999999999,52.03844732503075,6.0,0.0,9
394,0905-7-lxt,6.0,word,1693908656.8940823,1382.9999999999995,456.99999999999994,35.0142828000232,6.0,0.0,24
395,0905-7-lxt,6.0,word,1693908656.926207,1404.999999999999,454.99999999999994,22.09072203437452,6.0,0.0,23
396,0905-7-lxt,6.0,word,1693908656.957689,1416.9999999999998,454.0000000000001,12.041594578792296,6.0,0.0,21
397,0905-7-lxt,6.0,word,1693908656.9899993,1425.9999999999993,454.0,9.0,6.0,0.0,17
398,0905-7-lxt,6.0,word,1693908657.005979,1400.9999999999995,454.0000000000001,25.0,6.0,0.0,23
399,0905-7-lxt,6.0,word,1693908657.0372903,1249.9999999999995,461.99999999999994,151.21177202850313,6.0,0.0,4
400,0905-7-lxt,6.0,word,1693908657.069642,894.9999999999998,485.99999999999994,355.81034273893727,6.0,0.0,9
401,0905-7-lxt,6.0,word,1693908657.102181,671.9999999999999,503.99999999999994,223.72527796384568,6.0,0.0,13
402,0905-7-lxt,6.0,word,1693908657.1337304,566.9999999999998,514.0,105.47511554864494,6.0,0.0,7
403,0905-7-lxt,6.0,word,1693908657.1657393,524.9999999999999,518.0,42.190046219457976,6.0,0.0,21
404,0905-7-lxt,6.0,word,1693908657.1980822,505.99999999999983,522.0,19.4164878389476,6.0,0.0,19
405,0905-7-lxt,6.0,word,1693908657.2294004,496.99999999999983,524.9999999999999,9.486832980505138,6.0,0.0,18
406,0905-7-lxt,6.0,word,1693908657.2619588,491.9999999999999,524.9999999999999,5.0,6.0,0.0,18
407,0905-7-lxt,6.0,word,1693908657.2780154,489.9999999999999,527.0,2.8284271247461903,6.0,0.0,18
408,0905-7-lxt,6.0,word,1693908657.309297,486.99999999999994,527.0,3.0,6.0,0.0,18
409,0905-7-lxt,6.0,word,1693908657.3416653,486.9999999999999,526.0,1.0,6.0,0.0,18
410,0905-7-lxt,6.0,word,1693908657.3742557,516.9999999999999,524.0,30.066592756745816,6.0,0.0,20
411,0905-7-lxt,6.0,word,1693908657.405377,539.9999999999998,522.0000000000001,23.08679276123039,6.0,0.0,8
412,0905-7-lxt,6.0,word,1693908657.437749,593.9999999999999,515.9999999999999,54.3323108288245,6.0,0.0,3
413,0905-7-lxt,6.0,word,1693908657.4700463,648.9999999999998,511.00000000000006,55.22680508593631,6.0,0.0,9
414,0905-7-lxt,6.0,word,1693908657.5014987,692.9999999999997,507.99999999999994,44.10215414239989,6.0,0.0,9
415,0905-7-lxt,6.0,word,1693908657.5336795,722.9999999999998,506.0,30.066592756745816,6.0,0.0,6
416,0905-7-lxt,6.0,word,1693908657.549856,790.9999999999998,507.0000000000001,68.00735254367721,6.0,0.0,6
417,0905-7-lxt,6.0,word,1693908657.5820603,888.9999999999999,506.0000000000001,98.00510190801292,6.0,0.0,13
418,0905-7-lxt,6.0,word,1693908657.6132965,957.9999999999998,506.0000000000001,69.0,6.0,0.0,8
419,0905-7-lxt,6.0,word,1693908657.6456933,998.9999999999997,507.0000000000001,41.01219330881976,6.0,0.0,10
420,0905-7-lxt,6.0,word,1693908657.677692,1023.9999999999997,509.0,25.079872407968907,6.0,0.0,12
421,0905-7-lxt,6.0,word,1693908657.7097774,1035.9999999999998,508.0000000000001,12.041594578792296,6.0,0.0,12
422,0905-7-lxt,6.0,word,1693908657.7420232,1044.0,508.00000000000006,8.0,6.0,0.0,13
423,0905-7-lxt,6.0,word,1693908657.7741072,1049.9999999999998,507.00000000000006,6.082762530298219,6.0,0.0,15
424,0905-7-lxt,6.0,word,1693908657.7901795,1052.9999999999998,507.00000000000017,3.0,6.0,0.0,17
425,0905-7-lxt,6.0,word,1693908657.8213298,1096.9999999999998,509.00000000000006,44.04543109109048,6.0,0.0,11
426,0905-7-lxt,6.0,word,1693908657.853409,1188.9999999999998,510.99999999999994,92.02173656261871,6.0,0.0,9
427,0905-7-lxt,6.0,word,1693908657.886449,1261.9999999999995,518.0000000000001,73.33484846919642,6.0,0.0,9
428,0905-7-lxt,6.0,word,1693908657.9174657,1307.9999999999993,522.0,46.17358552246078,6.0,0.0,4
429,0905-7-lxt,6.0,word,1693908657.9499788,1335.9999999999995,521.0,28.0178514522438,6.0,0.0,3
430,0905-7-lxt,6.0,word,1693908657.982015,1349.9999999999995,522.0,14.0356688476182,6.0,0.0,2
431,0905-7-lxt,6.0,word,1693908658.0133443,1330.9999999999998,525.0000000000001,19.235384061671343,6.0,0.0,4
432,0905-7-lxt,6.0,word,1693908658.045468,1294.9999999999993,525.0,36.0,6.0,0.0,3
433,0905-7-lxt,6.0,word,1693908658.0616393,1171.9999999999993,527.0,123.01625908797584,6.0,0.0,6
434,0905-7-lxt,6.0,word,1693908658.093914,1018.9999999999998,531.0,153.05227865013967,6.0,0.0,11
435,0905-7-lxt,6.0,word,1693908658.1261375,905.9999999999999,534.0000000000001,113.03981599418852,6.0,0.0,14
436,0905-7-lxt,6.0,word,1693908658.1576328,840.9999999999999,536.0,65.03076195155643,6.0,0.0,6
437,0905-7-lxt,6.0,word,1693908658.1898384,809.0,536.0000000000001,32.0,6.0,0.0,7
438,0905-7-lxt,6.0,word,1693908658.2221255,788.9999999999997,532.0,20.396078054371134,6.0,0.0,4
439,0905-7-lxt,6.0,word,1693908658.2536373,778.9999999999998,535.0,10.44030650891055,6.0,0.0,4
440,0905-7-lxt,6.0,word,1693908658.2856803,812.0,541.0,33.54101966249684,6.0,0.0,7
441,0905-7-lxt,6.0,word,1693908658.3175805,840.9999999999999,545.0,29.27456233660889,6.0,0.0,6
442,0905-7-lxt,6.0,word,1693908658.3500686,855.9999999999997,548.0,15.297058540778355,6.0,0.0,4
443,0905-7-lxt,6.0,word,1693908658.3656144,873.9999999999999,550.0,18.110770276274835,6.0,0.0,7
444,0905-7-lxt,6.0,word,1693908658.397648,895.9999999999997,553.0000000000001,22.20360331117452,6.0,0.0,10
445,0905-7-lxt,6.0,word,1693908658.430006,916.9999999999999,555.9999999999999,21.213203435596427,6.0,0.0,12
446,0905-7-lxt,6.0,word,1693908658.4620004,935.9999999999998,557.0,19.026297590440446,6.0,0.0,11
447,0905-7-lxt,6.0,word,1693908658.493436,965.9999999999998,552.0,30.4138126514911,6.0,0.0,7
448,0905-7-lxt,6.0,word,1693908658.525543,1003.9999999999999,542.0000000000001,39.293765408777,6.0,0.0,11
449,0905-7-lxt,6.0,word,1693908658.5576932,1037.9999999999998,534.0,34.92849839314596,6.0,0.0,12
450,0905-7-lxt,6.0,word,1693908658.5898037,1062.9999999999995,527.0,25.96150997149434,6.0,0.0,11
451,0905-7-lxt,6.0,word,1693908658.605775,1078.9999999999995,521.9999999999999,16.76305461424021,6.0,0.0,9
452,0905-7-lxt,6.0,word,1693908658.6378782,1088.9999999999998,522.0000000000001,10.0,6.0,0.0,8
453,0905-7-lxt,6.0,word,1693908658.6692903,1127.9999999999998,518.9999999999999,39.11521443121589,6.0,0.0,4
454,0905-7-lxt,6.0,word,1693908658.7014334,1223.9999999999998,503.0000000000001,97.32420048477152,6.0,0.0,15
455,0905-7-lxt,6.0,word,1693908658.7337852,1309.0,483.0,87.32124598286491,6.0,0.0,4
456,0905-7-lxt,6.0,word,1693908658.765855,1362.9999999999998,472.0000000000001,55.10898293381942,6.0,0.0,16
457,0905-7-lxt,6.0,word,1693908658.7981818,1392.9999999999998,468.00000000000006,30.265491900843116,6.0,0.0,25
458,0905-7-lxt,6.0,word,1693908658.830123,1410.9999999999995,464.0,18.43908891458577,6.0,0.0,21
459,0905-7-lxt,6.0,word,1693908658.8614392,1422.9999999999998,460.0000000000001,12.649110640673518,6.0,0.0,18
460,0905-7-lxt,6.0,word,1693908658.8936005,1427.9999999999995,457.99999999999994,5.385164807134504,6.0,0.0,16
461,0905-7-lxt,6.0,word,1693908658.9096658,1382.9999999999995,456.99999999999994,45.0111097397076,6.0,0.0,24
462,0905-7-lxt,6.0,word,1693908658.941666,1181.9999999999993,464.00000000000006,201.12185361118767,6.0,0.0,8
463,0905-7-lxt,6.0,word,1693908658.973787,880.9999999999997,472.99999999999994,301.1345214351885,6.0,0.0,12
464,0905-7-lxt,6.0,word,1693908659.0060062,703.9999999999998,475.0,177.01129907438113,6.0,0.0,12
465,0905-7-lxt,6.0,word,1693908659.0380917,617.9999999999997,475.9999999999999,86.00581375697809,6.0,0.0,20
466,0905-7-lxt,6.0,word,1693908659.0700324,574.9999999999998,477.0000000000001,43.01162633521314,6.0,0.0,20
467,0905-7-lxt,6.0,word,1693908659.102006,555.9999999999999,479.00000000000006,19.1049731745428,6.0,0.0,22
468,0905-7-lxt,6.0,word,1693908659.134358,545.9999999999999,480.99999999999994,10.198039027185567,6.0,0.0,19
469,0905-7-lxt,6.0,word,1693908659.149394,540.0,479.0,6.324555320336759,6.0,0.0,18
472,0905-7-lxt,6.0,word,1693908659.4534936,713.9999999999998,519.0,388.9023013560089,6.0,0.0,4
473,0905-7-lxt,6.0,word,1693908659.4854934,675.9999999999999,507.99999999999994,39.56008088970496,6.0,0.0,12
474,0905-7-lxt,6.0,word,1693908659.517785,641.9999999999999,494.0,36.76955262170047,6.0,0.0,15
475,0905-7-lxt,6.0,word,1693908659.5498693,611.9999999999997,483.99999999999994,31.622776601683796,6.0,0.0,20
476,0905-7-lxt,6.0,word,1693908659.5820358,591.9999999999999,474.99999999999994,21.93171219946131,6.0,0.0,18
477,0905-7-lxt,6.0,word,1693908659.6136544,582.9999999999999,462.0000000000001,15.811388300841896,6.0,0.0,24
478,0905-7-lxt,6.0,word,1693908659.645656,583.9999999999999,421.99999999999994,40.01249804748511,6.0,0.0,25
479,0905-7-lxt,6.0,word,1693908659.6779368,589.9999999999999,373.0,49.36598018878993,6.0,0.0,18
480,0905-7-lxt,6.0,word,1693908659.6932995,592.0,336.00000000000006,37.05401462729781,6.0,0.0,12
481,0905-7-lxt,6.0,word,1693908659.7254171,596.0,314.0,22.360679774997894,6.0,0.0,25
482,0905-7-lxt,6.0,word,1693908659.7574096,595.9999999999999,304.00000000000006,10.0,6.0,0.0,39
483,0905-7-lxt,6.0,word,1693908659.789505,596.9999999999997,296.99999999999994,7.071067811865476,6.0,0.0,45
484,0905-7-lxt,6.0,word,1693908659.8219516,598.9999999999997,292.0,5.385164807134504,6.0,0.0,48
485,0905-7-lxt,6.0,word,1693908659.8533657,600.9999999999999,289.99999999999994,2.8284271247461903,6.0,0.0,56
486,0905-7-lxt,6.0,word,1693908659.8855276,601.9999999999999,287.99999999999994,2.23606797749979,6.0,0.0,59
487,0905-7-lxt,6.0,word,1693908659.9176311,601.9999999999999,286.0,2.0,6.0,0.0,61
488,0905-7-lxt,6.0,word,1693908659.9500892,601.9999999999998,284.99999999999994,1.0,6.0,0.0,62
489,0905-7-lxt,6.0,word,1693908659.9660633,600.9999999999998,286.99999999999994,2.23606797749979,6.0,0.0,58
490,0905-7-lxt,6.0,word,1693908659.9973326,594.9999999999998,301.0,15.231546211727816,6.0,0.0,43
491,0905-7-lxt,6.0,word,1693908660.029726,580.9999999999999,338.00000000000006,39.56008088970496,6.0,0.0,9
492,0905-7-lxt,6.0,word,1693908660.0620964,564.9999999999998,380.0,44.94441010848846,6.0,0.0,18
493,0905-7-lxt,6.0,word,1693908660.0933375,551.9999999999999,413.00000000000006,35.4682957019364,6.0,0.0,21
494,0905-7-lxt,6.0,word,1693908660.1254668,542.9999999999999,437.0000000000001,25.632011235952596,6.0,0.0,21
495,0905-7-lxt,6.0,word,1693908660.1576552,535.9999999999998,452.0,16.55294535724685,6.0,0.0,17
496,0905-7-lxt,6.0,word,1693908660.190222,530.9999999999999,460.99999999999994,10.295630140987,6.0,0.0,17
497,0905-7-lxt,6.0,word,1693908660.2214134,527.9999999999999,468.00000000000006,7.615773105863909,6.0,0.0,16
498,0905-7-lxt,6.0,word,1693908660.2375226,527.0,472.00000000000006,4.123105625617661,6.0,0.0,16
499,0905-7-lxt,6.0,word,1693908660.2699227,525.9999999999999,475.0,3.1622776601683795,6.0,0.0,16
500,0905-7-lxt,6.0,word,1693908660.3013885,529.0,472.0000000000001,4.242640687119285,6.0,0.0,16
501,0905-7-lxt,6.0,word,1693908660.3336227,531.9999999999999,469.0,4.242640687119285,6.0,0.0,17
502,0905-7-lxt,6.0,word,1693908660.365618,533.9999999999998,466.99999999999994,2.8284271247461903,6.0,0.0,17
503,0905-7-lxt,6.0,word,1693908660.3977025,535.9999999999998,465.0,2.8284271247461903,6.0,0.0,17
504,0905-7-lxt,6.0,word,1693908660.429767,536.9999999999999,464.0,1.4142135623730951,6.0,0.0,17
505,0905-7-lxt,6.0,word,1693908660.462304,536.9999999999999,462.99999999999994,1.0,6.0,0.0,17
506,0905-7-lxt,6.0,word,1693908660.4937122,537.9999999999998,462.99999999999983,1.0,6.0,0.0,18
507,0905-7-lxt,6.0,word,1693908660.509781,539.9999999999999,460.0,3.605551275463989,6.0,0.0,18
508,0905-7-lxt,6.0,word,1693908660.54194,556.9999999999999,438.99999999999994,27.018512172212592,6.0,0.0,20
509,0905-7-lxt,6.0,word,1693908660.5739455,593.9999999999999,397.99999999999994,55.22680508593631,6.0,0.0,25
510,0905-7-lxt,6.0,word,1693908660.6055293,626.9999999999998,359.0,51.0881590977792,6.0,0.0,12
511,0905-7-lxt,6.0,word,1693908660.6374145,650.9999999999999,332.0,36.12478373637688,6.0,0.0,13
512,0905-7-lxt,6.0,word,1693908660.6696675,664.9999999999999,314.0,22.80350850198276,6.0,0.0,34
513,0905-7-lxt,6.0,word,1693908660.7012937,674.9999999999998,304.0,14.142135623730953,6.0,0.0,50
514,0905-7-lxt,6.0,word,1693908660.7342644,682.9999999999998,300.0,8.94427190999916,6.0,0.0,43
515,0905-7-lxt,6.0,word,1693908660.765458,686.0,297.99999999999994,3.605551275463989,6.0,0.0,42
516,0905-7-lxt,6.0,word,1693908660.781819,684.9999999999999,295.0,3.1622776601683795,6.0,0.0,47
517,0905-7-lxt,6.0,word,1693908660.8139038,665.9999999999999,291.0,19.4164878389476,6.0,0.0,83
518,0905-7-lxt,6.0,word,1693908660.8458283,649.9999999999998,290.00000000000006,16.0312195418814,6.0,0.0,88
519,0905-7-lxt,6.0,word,1693908660.8781035,638.0,288.00000000000006,12.16552506059644,6.0,0.0,94
520,0905-7-lxt,6.0,word,1693908660.909332,627.9999999999999,285.99999999999994,10.198039027185567,6.0,0.0,96
521,0905-7-lxt,6.0,word,1693908660.9416316,618.9999999999998,284.0,9.219544457292889,6.0,0.0,93
522,0905-7-lxt,6.0,word,1693908660.9739828,611.9999999999998,282.99999999999994,7.071067811865476,6.0,0.0,89
523,0905-7-lxt,6.0,word,1693908661.0061424,605.9999999999999,280.99999999999994,6.324555320336759,6.0,0.0,77
524,0905-7-lxt,6.0,word,1693908661.0220284,601.9999999999999,280.0,4.123105625617661,6.0,0.0,62
525,0905-7-lxt,6.0,word,1693908661.053322,597.9999999999999,279.99999999999994,4.0,6.0,0.0,50
526,0905-7-lxt,6.0,word,1693908661.0856578,594.9999999999999,278.99999999999994,3.1622776601683795,6.0,0.0,43
527,0905-7-lxt,6.0,word,1693908661.117947,592.9999999999998,279.99999999999994,2.23606797749979,6.0,0.0,42
528,0905-7-lxt,6.0,word,1693908661.149868,596.9999999999997,279.99999999999994,4.0,6.0,0.0,47
529,0905-7-lxt,6.0,word,1693908661.1820328,606.9999999999999,280.0,10.0,6.0,0.0,80
530,0905-7-lxt,6.0,word,1693908661.2134612,626.0,276.99999999999994,19.235384061671343,6.0,0.0,94
531,0905-7-lxt,6.0,word,1693908661.245757,649.9999999999998,276.0,24.020824298928627,6.0,0.0,85
532,0905-7-lxt,6.0,word,1693908661.277867,671.9999999999999,274.0,22.09072203437452,6.0,0.0,81
533,0905-7-lxt,6.0,word,1693908661.310276,689.9999999999998,274.0,18.0,6.0,0.0,41
534,0905-7-lxt,6.0,word,1693908661.325354,705.0,271.9999999999999,15.132745950421556,6.0,0.0,33
535,0905-7-lxt,6.0,word,1693908661.357738,716.9999999999998,270.99999999999994,12.041594578792296,6.0,0.0,25
536,0905-7-lxt,6.0,word,1693908661.3898778,725.9999999999999,271.00000000000006,9.0,6.0,0.0,21
537,0905-7-lxt,6.0,word,1693908661.422192,732.9999999999999,271.99999999999994,7.071067811865476,6.0,0.0,20
538,0905-7-lxt,6.0,word,1693908661.453603,782.9999999999998,270.99999999999994,50.00999900019995,6.0,0.0,10
539,0905-7-lxt,6.0,word,1693908661.4856234,910.0000000000001,271.00000000000006,127.0,6.0,0.0,7
540,0905-7-lxt,6.0,word,1693908661.5177157,1020.0,273.0,110.01818031580054,6.0,0.0,22
541,0905-7-lxt,6.0,word,1693908661.5500555,1087.9999999999995,274.99999999999994,68.0294054067798,6.0,0.0,17
542,0905-7-lxt,6.0,word,1693908661.5820956,1125.9999999999998,274.99999999999994,38.0,6.0,0.0,18
543,0905-7-lxt,6.0,word,1693908661.5973349,1147.9999999999995,271.00000000000006,22.360679774997894,6.0,0.0,19
544,0905-7-lxt,6.0,word,1693908661.63024,1159.9999999999993,269.00000000000006,12.16552506059644,6.0,0.0,14
545,0905-7-lxt,6.0,word,1693908661.661526,1167.9999999999995,269.00000000000006,8.0,6.0,0.0,14
546,0905-7-lxt,6.0,word,1693908661.6939995,1172.9999999999995,271.99999999999994,5.830951894845301,6.0,0.0,15
547,0905-7-lxt,6.0,word,1693908661.7258852,1177.9999999999995,275.0,5.830951894845301,6.0,0.0,12
548,0905-7-lxt,6.0,word,1693908661.7579532,1179.9999999999993,276.99999999999994,2.8284271247461903,6.0,0.0,12
549,0905-7-lxt,6.0,word,1693908661.7893708,1179.9999999999995,278.99999999999994,2.0,6.0,0.0,12
550,0905-7-lxt,6.0,word,1693908661.8215256,1219.9999999999995,290.0,41.48493702538308,6.0,0.0,11
551,0905-7-lxt,6.0,word,1693908661.8538144,1298.9999999999995,307.0,80.8084154033477,6.0,0.0,11
552,0905-7-lxt,6.0,word,1693908661.870021,1363.9999999999998,322.0,66.70832032063167,6.0,0.0,6
553,0905-7-lxt,6.0,word,1693908661.902115,1406.9999999999998,337.0,45.5411901469428,6.0,0.0,8
554,0905-7-lxt,6.0,word,1693908661.9343345,1431.9999999999995,344.99999999999994,26.248809496813376,6.0,0.0,18
555,0905-7-lxt,6.0,word,1693908661.96565,1447.9999999999995,350.0,16.76305461424021,6.0,0.0,17
556,0905-7-lxt,6.0,word,1693908661.9976797,1457.9999999999995,350.99999999999994,10.04987562112089,6.0,0.0,14
557,0905-7-lxt,6.0,word,1693908662.0296743,1435.9999999999998,353.00000000000006,22.09072203437452,6.0,0.0,19
558,0905-7-lxt,6.0,word,1693908662.0616791,1360.9999999999993,360.00000000000006,75.32595834106593,6.0,0.0,2
559,0905-7-lxt,6.0,word,1693908662.093676,1113.9999999999995,389.00000000000006,248.69660230891776,6.0,0.0,6
560,0905-7-lxt,6.0,word,1693908662.109651,885.9999999999999,415.0,229.4776677587604,6.0,0.0,19
561,0905-7-lxt,6.0,word,1693908662.141959,758.9999999999998,425.99999999999994,127.47548783981962,6.0,0.0,9
562,0905-7-lxt,6.0,word,1693908662.174152,696.9999999999999,435.99999999999994,62.80127387243033,6.0,0.0,12
563,0905-7-lxt,6.0,word,1693908662.2055936,665.9999999999999,440.99999999999994,31.400636936215164,6.0,0.0,18
564,0905-7-lxt,6.0,word,1693908662.2377198,651.9999999999998,444.00000000000006,14.317821063276352,6.0,0.0,21
565,0905-7-lxt,6.0,word,1693908662.2699356,643.9999999999999,445.0,8.06225774829855,6.0,0.0,21
566,0905-7-lxt,6.0,word,1693908662.301913,646.9999999999999,442.99999999999994,3.605551275463989,6.0,0.0,20
567,0905-7-lxt,6.0,word,1693908662.3340197,687.9999999999999,437.99999999999994,41.30375285612676,6.0,0.0,12
568,0905-7-lxt,6.0,word,1693908662.365939,705.9999999999999,434.0,18.43908891458577,6.0,0.0,10
569,0905-7-lxt,6.0,word,1693908662.3819106,715.9999999999997,431.99999999999994,10.198039027185567,6.0,0.0,8
570,0905-7-lxt,6.0,word,1693908662.4142492,737.9999999999997,435.0,22.20360331117452,6.0,0.0,9
572,0905-7-lxt,6.0,word,1693908662.6055765,1033.9999999999995,556.0,230.2086010556513,6.0,0.0,5
573,0905-7-lxt,6.0,word,1693908662.637864,1061.9999999999995,519.9999999999999,45.60701700396552,6.0,0.0,13
574,0905-7-lxt,6.0,word,1693908662.6539414,1088.9999999999995,495.99999999999994,36.12478373637688,6.0,0.0,21
575,0905-7-lxt,6.0,word,1693908662.6859353,1109.0,477.0,27.586228448267445,6.0,0.0,31
576,0905-7-lxt,6.0,word,1693908662.71755,1122.9999999999995,463.0,19.79898987322333,6.0,0.0,30
577,0905-7-lxt,6.0,word,1693908662.7496526,1132.0,453.99999999999994,12.727922061357855,6.0,0.0,31
578,0905-7-lxt,6.0,word,1693908662.7817786,1140.9999999999995,444.9999999999999,12.727922061357855,6.0,0.0,29
579,0905-7-lxt,6.0,word,1693908662.8141987,1143.9999999999998,439.0,6.708203932499369,6.0,0.0,26
580,0905-7-lxt,6.0,word,1693908662.846377,1148.9999999999995,435.0,6.4031242374328485,6.0,0.0,22
581,0905-7-lxt,6.0,word,1693908662.8773172,1131.9999999999998,437.0,17.11724276862369,6.0,0.0,26
582,0905-7-lxt,6.0,word,1693908662.8936343,1068.9999999999998,442.0000000000001,63.198101237299845,6.0,0.0,15
583,0905-7-lxt,6.0,word,1693908662.9256604,932.9999999999999,455.0,136.61991070118586,6.0,0.0,10
584,0905-7-lxt,6.0,word,1693908662.957662,814.9999999999998,463.0,118.27087553578016,6.0,0.0,23
585,0905-7-lxt,6.0,word,1693908662.989956,735.9999999999998,469.0,79.22752047110903,6.0,0.0,10
586,0905-7-lxt,6.0,word,1693908663.0213091,690.9999999999999,471.00000000000006,45.044422518220834,6.0,0.0,16
587,0905-7-lxt,6.0,word,1693908663.053695,667.0,473.00000000000006,24.08318915758459,6.0,0.0,20
588,0905-7-lxt,6.0,word,1693908663.086162,652.9999999999999,474.99999999999994,14.142135623730953,6.0,0.0,23
589,0905-7-lxt,6.0,word,1693908663.1181588,646.9999999999998,475.99999999999994,6.082762530298219,6.0,0.0,22
590,0905-7-lxt,6.0,word,1693908663.1495588,640.9999999999998,477.0,6.082762530298219,6.0,0.0,21
591,0905-7-lxt,6.0,word,1693908663.1817925,635.9999999999999,478.0,5.0990195135927845,6.0,0.0,21
592,0905-7-lxt,6.0,word,1693908663.1978967,655.9999999999999,477.0000000000001,20.024984394500787,6.0,0.0,24
593,0905-7-lxt,6.0,word,1693908663.2302282,670.9999999999998,477.0,15.0,6.0,0.0,19
594,0905-7-lxt,6.0,word,1693908663.2613952,691.9999999999999,477.0,21.0,6.0,0.0,13
595,0905-7-lxt,6.0,word,1693908663.2939086,721.9999999999998,475.99999999999994,30.01666203960727,6.0,0.0,7
596,0905-7-lxt,6.0,word,1693908663.3258078,751.9999999999999,475.00000000000006,30.01666203960727,6.0,0.0,10
597,0905-7-lxt,6.0,word,1693908663.3579545,778.0,474.00000000000006,26.019223662515376,6.0,0.0,20
598,0905-7-lxt,6.0,word,1693908663.3902123,798.9999999999997,473.0,21.02379604162864,6.0,0.0,24
599,0905-7-lxt,6.0,word,1693908663.4215336,821.9999999999999,472.00000000000017,23.021728866442675,6.0,0.0,24
600,0905-7-lxt,6.0,word,1693908663.4540534,975.9999999999999,470.00000000000006,154.01298646542764,6.0,0.0,13
601,0905-7-lxt,6.0,word,1693908663.4700673,1178.9999999999998,465.0,203.0615670184784,6.0,0.0,9
602,0905-7-lxt,6.0,word,1693908663.5015569,1297.9999999999998,466.00000000000006,119.00420160649792,6.0,0.0,4
603,0905-7-lxt,6.0,word,1693908663.533932,1355.9999999999998,470.00000000000006,58.137767414994535,6.0,0.0,13
604,0905-7-lxt,6.0,word,1693908663.5662477,1386.9999999999998,468.0,31.064449134018133,6.0,0.0,23
605,0905-7-lxt,6.0,word,1693908663.5977695,1400.9999999999995,463.00000000000006,14.866068747318506,6.0,0.0,24
606,0905-7-lxt,6.0,word,1693908663.6299574,1407.9999999999993,461.0,7.280109889280518,6.0,0.0,21
607,0905-7-lxt,6.0,word,1693908663.6613977,1413.9999999999995,460.0,6.082762530298219,6.0,0.0,21
608,0905-7-lxt,6.0,word,1693908663.6933737,1416.9999999999995,461.00000000000006,3.1622776601683795,6.0,0.0,21
609,0905-7-lxt,6.0,word,1693908663.725645,1403.9999999999993,464.0,13.341664064126334,6.0,0.0,23
610,0905-7-lxt,6.0,word,1693908663.741842,1366.9999999999995,467.00000000000006,37.12142238654117,6.0,0.0,19
611,0905-7-lxt,6.0,word,1693908663.7741427,1219.9999999999998,470.00000000000006,147.03060905811415,6.0,0.0,7
612,0905-7-lxt,6.0,word,1693908663.8054764,1058.9999999999995,470.00000000000006,161.0,6.0,0.0,20
613,0905-7-lxt,6.0,word,1693908663.8376307,951.9999999999998,477.99999999999994,107.298648640139,6.0,0.0,10
614,0905-7-lxt,6.0,word,1693908663.8699749,890.9999999999999,482.0,61.1310068623117,6.0,0.0,10
615,0905-7-lxt,6.0,word,1693908663.9013062,857.9999999999998,486.0,33.24154027718932,6.0,0.0,16
616,0905-7-lxt,6.0,word,1693908663.9339974,839.9999999999999,485.99999999999994,18.0,6.0,0.0,14
617,0905-7-lxt,6.0,word,1693908663.965911,828.9999999999998,487.0000000000001,11.04536101718726,6.0,0.0,16
618,0905-7-lxt,6.0,word,1693908663.9981349,849.9999999999997,489.00000000000006,21.095023109728988,6.0,0.0,13
619,0905-7-lxt,6.0,word,1693908664.0134778,888.9999999999998,488.0,39.01281840626232,6.0,0.0,10
620,0905-7-lxt,6.0,word,1693908664.0454855,907.9999999999997,485.99999999999983,19.1049731745428,6.0,0.0,8
621,0905-7-lxt,6.0,word,1693908664.077827,952.9999999999995,483.00000000000006,45.09988913511872,6.0,0.0,9
622,0905-7-lxt,6.0,word,1693908664.1101332,1003.9999999999994,478.99999999999994,51.15662224971465,6.0,0.0,9
623,0905-7-lxt,6.0,word,1693908664.142118,1048.9999999999998,476.99999999999994,45.044422518220834,6.0,0.0,17
624,0905-7-lxt,6.0,word,1693908664.1737375,1079.9999999999998,475.0,31.064449134018133,6.0,0.0,27
625,0905-7-lxt,6.0,word,1693908664.2057383,1100.9999999999998,470.99999999999994,21.37755832643195,6.0,0.0,32
626,0905-7-lxt,6.0,word,1693908664.2383142,1115.9999999999998,468.0000000000001,15.297058540778355,6.0,0.0,30
627,0905-7-lxt,6.0,word,1693908664.2693486,1123.9999999999995,466.99999999999994,8.06225774829855,6.0,0.0,28
628,0905-7-lxt,6.0,word,1693908664.285348,1130.9999999999995,466.0000000000001,7.071067811865476,6.0,0.0,28
629,0905-7-lxt,6.0,word,1693908664.3173783,1136.9999999999995,464.00000000000006,6.324555320336759,6.0,0.0,29
630,0905-7-lxt,6.0,word,1693908664.349373,1139.9999999999995,464.00000000000006,3.0,6.0,0.0,31
631,0905-7-lxt,6.0,word,1693908664.3821762,1141.9999999999998,465.0,2.23606797749979,6.0,0.0,29
632,0905-7-lxt,6.0,word,1693908664.4132938,1132.9999999999998,466.9999999999999,9.219544457292889,6.0,0.0,27
633,0905-7-lxt,6.0,word,1693908664.445731,1126.9999999999998,467.0,6.0,6.0,0.0,29
634,0905-7-lxt,6.0,word,1693908664.478108,1122.9999999999993,468.0000000000001,4.123105625617661,6.0,0.0,28
635,0905-7-lxt,6.0,word,1693908664.5095997,1113.9999999999995,469.00000000000006,9.055385138137416,6.0,0.0,30
636,0905-7-lxt,6.0,word,1693908664.5419612,1104.9999999999995,468.0,9.055385138137416,6.0,0.0,32
637,0905-7-lxt,6.0,word,1693908664.557966,1094.9999999999998,468.00000000000006,10.0,6.0,0.0,33
638,0905-7-lxt,6.0,word,1693908664.5892944,1085.9999999999998,468.9999999999999,9.055385138137416,6.0,0.0,30
639,0905-7-lxt,6.0,word,1693908664.6214194,1077.9999999999998,470.0,8.06225774829855,6.0,0.0,26
640,0905-7-lxt,6.0,word,1693908664.6537364,1071.9999999999998,470.99999999999994,6.082762530298219,6.0,0.0,22
641,0905-7-lxt,6.0,word,1693908664.685924,1066.0,473.0,6.324555320336759,6.0,0.0,21
642,0905-7-lxt,6.0,word,1693908664.7180398,1061.0,473.0000000000001,5.0,6.0,0.0,21
643,0905-7-lxt,6.0,word,1693908664.7500722,1071.9999999999998,472.00000000000006,11.04536101718726,6.0,0.0,22
644,0905-7-lxt,6.0,word,1693908664.7821045,1112.9999999999995,470.00000000000006,41.04875150354759,6.0,0.0,30
645,0905-7-lxt,6.0,word,1693908664.8136878,1191.9999999999995,466.99999999999994,79.05694150420949,6.0,0.0,9
646,0905-7-lxt,6.0,word,1693908664.8295734,1261.9999999999998,465.0000000000001,70.02856560004639,6.0,0.0,4
647,0905-7-lxt,6.0,word,1693908664.8619049,1309.9999999999995,464.99999999999994,48.0,6.0,0.0,5
648,0905-7-lxt,6.0,word,1693908664.894175,1344.9999999999995,464.0000000000001,35.0142828000232,6.0,0.0,9
649,0905-7-lxt,6.0,word,1693908664.9253542,1365.9999999999993,462.0,21.095023109728988,6.0,0.0,19
650,0905-7-lxt,6.0,word,1693908664.9574432,1378.9999999999995,462.99999999999994,13.038404810405298,6.0,0.0,24
651,0905-7-lxt,6.0,word,1693908664.9896543,1387.9999999999993,460.99999999999994,9.219544457292889,6.0,0.0,24
652,0905-7-lxt,6.0,word,1693908665.0221157,1393.9999999999998,460.00000000000017,6.082762530298219,6.0,0.0,25
653,0905-7-lxt,6.0,word,1693908665.0541167,1398.9999999999995,458.99999999999994,5.0990195135927845,6.0,0.0,24
654,0905-7-lxt,6.0,word,1693908665.0700874,1399.9999999999998,459.00000000000006,1.0,6.0,0.0,24
655,0905-7-lxt,6.0,word,1693908665.1014853,1390.9999999999998,457.00000000000006,9.219544457292889,6.0,0.0,25
656,0905-7-lxt,6.0,word,1693908665.1334865,1163.9999999999995,472.0,227.49505489130968,6.0,0.0,16
657,0905-7-lxt,6.0,word,1693908665.1654866,832.9999999999998,495.0,331.79813139919884,6.0,0.0,9
658,0905-7-lxt,6.0,word,1693908665.1977315,646.9999999999998,505.99999999999994,186.3249849054066,6.0,0.0,12
659,0905-7-lxt,6.0,word,1693908665.2296507,562.9999999999999,510.00000000000006,84.09518416651456,6.0,0.0,10
660,0905-7-lxt,6.0,word,1693908665.261982,523.9999999999999,512.0000000000001,39.05124837953327,6.0,0.0,24
661,0905-7-lxt,6.0,word,1693908665.2941074,506.99999999999994,517.0,17.72004514666935,6.0,0.0,19
662,0905-7-lxt,6.0,word,1693908665.326376,499.99999999999983,523.0000000000001,9.219544457292889,6.0,0.0,18
663,0905-7-lxt,6.0,word,1693908665.3414335,496.0,525.0000000000001,4.47213595499958,6.0,0.0,18
664,0905-7-lxt,6.0,word,1693908665.3745992,491.99999999999983,524.0,4.123105625617661,6.0,0.0,18
665,0905-7-lxt,6.0,word,1693908665.406225,490.99999999999994,524.0,1.0,6.0,0.0,18
666,0905-7-lxt,6.0,word,1693908665.4375324,490.99999999999983,524.9999999999998,1.0,6.0,0.0,18
667,0905-7-lxt,6.0,word,1693908665.4699187,489.9999999999998,526.0,1.4142135623730951,6.0,0.0,18
668,0905-7-lxt,6.0,word,1693908665.501291,488.9999999999998,525.0,1.4142135623730951,6.0,0.0,18
669,0905-7-lxt,6.0,word,1693908665.5336266,488.9999999999999,523.0000000000001,2.0,6.0,0.0,18
670,0905-7-lxt,6.0,word,1693908665.5659533,496.0,525.0000000000001,7.280109889280518,6.0,0.0,18
671,0905-7-lxt,6.0,word,1693908665.597991,548.9999999999999,526.0,53.009433122794285,6.0,0.0,6
672,0905-7-lxt,6.0,word,1693908665.6302392,706.9999999999998,522.0,158.05062480104277,6.0,0.0,5
673,0905-7-lxt,6.0,word,1693908665.6462667,841.9999999999999,524.0000000000001,135.0148140020198,6.0,0.0,9
674,0905-7-lxt,6.0,word,1693908665.677381,924.9999999999998,524.9999999999999,83.00602387778854,6.0,0.0,12
675,0905-7-lxt,6.0,word,1693908665.7097056,971.9999999999999,528.0,47.09564735726647,6.0,0.0,8
676,0905-7-lxt,6.0,word,1693908665.741926,996.9999999999999,530.0000000000001,25.079872407968907,6.0,0.0,9
677,0905-7-lxt,6.0,word,1693908665.7740092,969.9999999999998,530.0,27.0,6.0,0.0,8
678,0905-7-lxt,6.0,word,1693908665.805522,940.9999999999998,529.0,29.017236257093817,6.0,0.0,15
679,0905-7-lxt,6.0,word,1693908665.8376324,925.9999999999997,529.0,15.0,6.0,0.0,13
680,0905-7-lxt,6.0,word,1693908665.8699813,917.9999999999997,531.0,8.246211251235321,6.0,0.0,13
681,0905-7-lxt,6.0,word,1693908665.8859775,914.9999999999998,532.0,3.1622776601683795,6.0,0.0,13
682,0905-7-lxt,6.0,word,1693908665.9180384,910.9999999999997,532.0000000000001,4.0,6.0,0.0,13
683,0905-7-lxt,6.0,word,1693908665.9496489,906.9999999999995,531.0,4.123105625617661,6.0,0.0,14
684,0905-7-lxt,6.0,word,1693908665.98182,900.9999999999999,531.0,6.0,6.0,0.0,12
685,0905-7-lxt,6.0,word,1693908666.01398,911.9999999999998,530.9999999999999,11.0,6.0,0.0,13
686,0905-7-lxt,6.0,word,1693908666.045446,979.9999999999999,528.0000000000001,68.06614430096654,6.0,0.0,9
687,0905-7-lxt,6.0,word,1693908666.0774686,1066.9999999999998,523.0,87.14355971613737,6.0,0.0,12
688,0905-7-lxt,6.0,word,1693908666.1099775,1130.9999999999995,524.0000000000001,64.00781202322104,6.0,0.0,3
689,0905-7-lxt,6.0,word,1693908666.141971,1174.9999999999998,525.0000000000001,44.01136216933077,6.0,0.0,6
690,0905-7-lxt,6.0,word,1693908666.1579533,1203.9999999999995,524.9999999999999,29.0,6.0,0.0,12
691,0905-7-lxt,6.0,word,1693908666.189327,1219.9999999999998,524.0,16.0312195418814,6.0,0.0,14
692,0905-7-lxt,6.0,word,1693908666.221526,1230.9999999999995,523.0,11.04536101718726,6.0,0.0,14
693,0905-7-lxt,6.0,word,1693908666.254063,1238.9999999999995,524.0000000000001,8.06225774829855,6.0,0.0,13
694,0905-7-lxt,6.0,word,1693908666.2852912,1243.9999999999995,524.0,5.0,6.0,0.0,12
695,0905-7-lxt,6.0,word,1693908666.318267,1247.9999999999998,522.0,4.47213595499958,6.0,0.0,11
696,0905-7-lxt,6.0,word,1693908666.3493102,1251.9999999999998,521.0,4.123105625617661,6.0,0.0,11
697,0905-7-lxt,6.0,word,1693908666.3822904,1246.9999999999998,523.0,5.385164807134504,6.0,0.0,11
698,0905-7-lxt,6.0,word,1693908666.4132934,1236.9999999999995,524.0,10.04987562112089,6.0,0.0,13
699,0905-7-lxt,6.0,word,1693908666.4302866,1230.9999999999998,524.0000000000001,6.0,6.0,0.0,14
700,0905-7-lxt,6.0,word,1693908666.461597,1220.9999999999998,526.0,10.198039027185567,6.0,0.0,14
701,0905-7-lxt,6.0,word,1693908666.493677,1206.9999999999995,526.0,14.0,6.0,0.0,13
702,0905-7-lxt,6.0,word,1693908666.5256686,1191.9999999999995,526.9999999999999,15.033296378372908,6.0,0.0,11
703,0905-7-lxt,6.0,word,1693908666.5581627,1157.9999999999998,520.0,34.713109915419565,6.0,0.0,6
704,0905-7-lxt,6.0,word,1693908666.589454,1033.9999999999995,465.0,135.6502856613284,6.0,0.0,12
705,0905-7-lxt,6.0,word,1693908666.6216362,858.9999999999998,379.00000000000006,194.9897433200013,6.0,0.0,33
706,0905-7-lxt,6.0,word,1693908666.6532946,752.9999999999998,327.0,118.06777714516352,6.0,0.0,9
707,0905-7-lxt,6.0,word,1693908666.6863298,697.9999999999998,302.00000000000006,60.41522986797286,6.0,0.0,35
708,0905-7-lxt,6.0,word,1693908666.7022471,672.9999999999999,289.99999999999994,27.73084924772409,6.0,0.0,83
709,0905-7-lxt,6.0,word,1693908666.733508,658.9999999999999,284.00000000000006,15.231546211727816,6.0,0.0,87
710,0905-7-lxt,6.0,word,1693908666.765592,652.9999999999998,279.99999999999994,7.211102550927978,6.0,0.0,89
711,0905-7-lxt,6.0,word,1693908666.7977717,649.9999999999999,279.0,3.1622776601683795,6.0,0.0,86
712,0905-7-lxt,6.0,word,1693908666.829945,647.9999999999999,280.0,2.23606797749979,6.0,0.0,87
713,0905-7-lxt,6.0,word,1693908666.862141,645.9999999999998,280.0,2.0,6.0,0.0,88
714,0905-7-lxt,6.0,word,1693908666.8934393,644.9999999999998,280.0,1.0,6.0,0.0,88
715,0905-7-lxt,6.0,word,1693908666.9255545,643.9999999999998,280.99999999999994,1.4142135623730951,6.0,0.0,88
716,0905-7-lxt,6.0,word,1693908667.1014547,757.9999999999998,285.0,114.0701538527936,6.0,0.0,11
717,0905-7-lxt,6.0,word,1693908667.133757,804.9999999999999,289.0,47.16990566028302,6.0,0.0,9
718,0905-7-lxt,6.0,word,1693908667.165799,875.9999999999998,288.0,71.00704190430693,6.0,0.0,4
719,0905-7-lxt,6.0,word,1693908667.1979122,943.9999999999999,287.0,68.00735254367721,6.0,0.0,6
720,0905-7-lxt,6.0,word,1693908667.2300615,992.9999999999997,286.0,49.01020301937138,6.0,0.0,14
721,0905-7-lxt,6.0,word,1693908667.2460437,1024.9999999999998,285.0,32.01562118716424,6.0,0.0,21
722,0905-7-lxt,6.0,word,1693908667.2773275,1043.9999999999998,286.0,19.026297590440446,6.0,0.0,21
723,0905-7-lxt,6.0,word,1693908667.309321,1056.9999999999995,283.99999999999994,13.152946437965904,6.0,0.0,19
724,0905-7-lxt,6.0,word,1693908667.3414772,1066.9999999999998,283.00000000000006,10.04987562112089,6.0,0.0,16
725,0905-7-lxt,6.0,word,1693908667.3739076,1114.9999999999998,280.0,48.0936586256442,6.0,0.0,17
726,0905-7-lxt,6.0,word,1693908667.4059072,1167.9999999999998,277.99999999999994,53.03772242470448,6.0,0.0,15
727,0905-7-lxt,6.0,word,1693908667.4381635,1204.9999999999998,275.99999999999994,37.05401462729781,6.0,0.0,15
728,0905-7-lxt,6.0,word,1693908667.469593,1228.9999999999998,276.0,24.0,6.0,0.0,15
729,0905-7-lxt,6.0,word,1693908667.5017664,1244.9999999999995,275.99999999999994,16.0,6.0,0.0,15
730,0905-7-lxt,6.0,word,1693908667.5178945,1253.9999999999995,274.99999999999994,9.055385138137416,6.0,0.0,15
731,0905-7-lxt,6.0,word,1693908667.5493042,1260.0,276.0,6.082762530298219,6.0,0.0,16
732,0905-7-lxt,6.0,word,1693908667.5814488,1264.9999999999995,275.99999999999994,5.0,6.0,0.0,18
733,0905-7-lxt,6.0,word,1693908667.614014,1266.9999999999995,274.99999999999994,2.23606797749979,6.0,0.0,19
734,0905-7-lxt,6.0,word,1693908667.6461675,1246.9999999999995,275.0,20.0,6.0,0.0,14
735,0905-7-lxt,6.0,word,1693908667.677367,1095.9999999999995,292.99999999999994,152.0690632574555,6.0,0.0,14
736,0905-7-lxt,6.0,word,1693908667.7093294,899.9999999999998,316.99999999999994,197.46392075515973,6.0,0.0,5
737,0905-7-lxt,6.0,word,1693908667.741336,770.9999999999998,332.00000000000006,129.8691649314802,6.0,0.0,10
738,0905-7-lxt,6.0,word,1693908667.773303,701.9999999999999,336.99999999999994,69.18092222571191,6.0,0.0,8
739,0905-7-lxt,6.0,word,1693908667.7894845,663.9999999999999,339.00000000000006,38.05259518088089,6.0,0.0,13
740,0905-7-lxt,6.0,word,1693908667.8219388,645.9999999999999,342.00000000000006,18.24828759089466,6.0,0.0,11
741,0905-7-lxt,6.0,word,1693908667.8533363,636.9999999999998,346.0,9.848857801796104,6.0,0.0,11
742,0905-7-lxt,6.0,word,1693908667.8864129,630.9999999999998,348.0,6.324555320336759,6.0,0.0,13
743,0905-7-lxt,6.0,word,1693908667.9184318,629.0,347.0,2.23606797749979,6.0,0.0,14
744,0905-7-lxt,6.0,word,1693908667.9500318,668.9999999999999,347.0,40.0,6.0,0.0,12
745,0905-7-lxt,6.0,word,1693908667.9814963,697.9999999999998,345.00000000000006,29.068883707497267,6.0,0.0,7
746,0905-7-lxt,6.0,word,1693908668.0136163,763.9999999999998,342.0,66.06814663663572,6.0,0.0,10
747,0905-7-lxt,6.0,word,1693908668.0458148,833.9999999999998,340.0,70.02856560004639,6.0,0.0,4
748,0905-7-lxt,6.0,word,1693908668.0618386,886.0,338.0000000000001,52.03844732503075,6.0,0.0,24
749,0905-7-lxt,6.0,word,1693908668.0941377,922.9999999999997,337.0,37.01351104664349,6.0,0.0,22
750,0905-7-lxt,6.0,word,1693908668.126224,947.9999999999998,334.0,25.179356624028344,6.0,0.0,7
751,0905-7-lxt,6.0,word,1693908668.1582265,964.9999999999998,336.00000000000006,17.11724276862369,6.0,0.0,7
752,0905-7-lxt,6.0,word,1693908668.1898046,1063.9999999999995,333.0,99.04544411531506,6.0,0.0,15
753,0905-7-lxt,6.0,word,1693908668.221805,1166.9999999999993,331.0,103.0194156457898,6.0,0.0,3
754,0905-7-lxt,6.0,word,1693908668.2539482,1228.9999999999995,329.0,62.03224967708329,6.0,0.0,3
755,0905-7-lxt,6.0,word,1693908668.285857,1265.9999999999993,329.99999999999994,37.01351104664349,6.0,0.0,5
756,0905-7-lxt,6.0,word,1693908668.3021567,1285.9999999999995,330.99999999999994,20.024984394500787,6.0,0.0,5
757,0905-7-lxt,6.0,word,1693908668.3335953,1295.9999999999993,332.0,10.04987562112089,6.0,0.0,4
758,0905-7-lxt,6.0,word,1693908668.3657577,1247.9999999999995,338.00000000000006,48.373546489791295,6.0,0.0,4
759,0905-7-lxt,6.0,word,1693908668.397409,1125.9999999999995,351.0,122.6906679417795,6.0,0.0,7
760,0905-7-lxt,6.0,word,1693908668.429319,911.9999999999997,377.00000000000006,215.5736533067063,6.0,0.0,34
761,0905-7-lxt,6.0,word,1693908668.4614637,764.9999999999998,398.0000000000001,148.492424049175,6.0,0.0,18
762,0905-7-lxt,6.0,word,1693908668.4934936,686.9999999999999,406.0,78.40918313565064,6.0,0.0,9
763,0905-7-lxt,6.0,word,1693908668.5256238,647.9999999999999,412.0,39.45883931389772,6.0,0.0,12
764,0905-7-lxt,6.0,word,1693908668.5582063,626.9999999999999,417.0,21.587033144922906,6.0,0.0,24
765,0905-7-lxt,6.0,word,1693908668.5740912,615.9999999999998,421.0,11.704699910719626,6.0,0.0,24
766,0905-7-lxt,6.0,word,1693908668.60609,608.9999999999999,423.99999999999994,7.615773105863909,6.0,0.0,23
767,0905-7-lxt,6.0,word,1693908668.6382048,603.9999999999998,426.0,5.385164807134504,6.0,0.0,23
768,0905-7-lxt,6.0,word,1693908668.6701195,602.9999999999999,429.00000000000006,3.1622776601683795,6.0,0.0,24
769,0905-7-lxt,6.0,word,1693908668.702241,600.9999999999998,429.0,2.0,6.0,0.0,22
770,0905-7-lxt,6.0,word,1693908668.7334428,598.9999999999998,428.99999999999994,2.0,6.0,0.0,24
771,0905-7-lxt,6.0,word,1693908668.7654445,598.9999999999998,428.99999999999994,0.0,6.0,0.0,24
772,0905-7-lxt,6.0,word,1693908668.7976754,598.9999999999998,429.99999999999994,1.0,6.0,0.0,25
773,0905-7-lxt,6.0,word,1693908668.8298998,597.9999999999998,431.00000000000006,1.4142135623730951,6.0,0.0,25
774,0905-7-lxt,6.0,word,1693908668.8459058,606.9999999999999,429.0,9.219544457292889,6.0,0.0,24
775,0905-7-lxt,6.0,word,1693908668.8773944,641.0,422.0,34.713109915419565,6.0,0.0,17
776,0905-7-lxt,6.0,word,1693908668.909682,702.9999999999998,407.9999999999999,63.56099432828282,6.0,0.0,8
777,0905-7-lxt,6.0,word,1693908668.9417078,763.9999999999998,392.99999999999994,62.81719509815764,6.0,0.0,18
778,0905-7-lxt,6.0,word,1693908668.9738762,807.9999999999998,382.0,45.35416188179427,6.0,0.0,17
779,0905-7-lxt,6.0,word,1693908669.006117,839.9999999999997,371.00000000000006,33.83784863137726,6.0,0.0,21
780,0905-7-lxt,6.0,word,1693908669.038165,860.9999999999998,366.99999999999994,21.37755832643195,6.0,0.0,38
781,0905-7-lxt,6.0,word,1693908669.0697749,871.9999999999998,363.99999999999994,11.40175425099138,6.0,0.0,37
782,0905-7-lxt,6.0,word,1693908669.1022265,878.9999999999998,362.0,7.280109889280518,6.0,0.0,35
783,0905-7-lxt,6.0,word,1693908669.1181986,885.9999999999998,363.0,7.071067811865476,6.0,0.0,36
784,0905-7-lxt,6.0,word,1693908669.1494613,889.9999999999997,364.0,4.123105625617661,6.0,0.0,38
785,0905-7-lxt,6.0,word,1693908669.1814644,892.9999999999999,363.00000000000006,3.1622776601683795,6.0,0.0,38
786,0905-7-lxt,6.0,word,1693908669.214092,894.9999999999997,362.0,2.23606797749979,6.0,0.0,38
787,0905-7-lxt,6.0,word,1693908669.246094,895.9999999999998,360.99999999999994,1.4142135623730951,6.0,0.0,37
788,0905-7-lxt,6.0,word,1693908669.2782097,897.9999999999998,362.0,2.23606797749979,6.0,0.0,37
789,0905-7-lxt,6.0,word,1693908669.309471,897.9999999999998,363.0,1.0,6.0,0.0,37
790,0905-7-lxt,6.0,word,1693908669.3414798,897.9999999999998,363.0,0.0,6.0,0.0,37
791,0905-7-lxt,6.0,word,1693908669.3738663,898.9999999999998,362.99999999999994,1.0,6.0,0.0,37
792,0905-7-lxt,6.0,word,1693908669.3899302,899.0,362.0,1.0,6.0,0.0,37
793,0905-7-lxt,6.0,word,1693908669.4222755,899.0,362.0,0.0,6.0,0.0,37
794,0905-7-lxt,6.0,word,1693908669.4539058,899.0,362.0,0.0,6.0,0.0,37
795,0905-7-lxt,6.0,word,1693908669.4858675,898.9999999999998,361.0,1.0,6.0,0.0,37
796,0905-7-lxt,6.0,word,1693908669.5181725,899.9999999999997,361.0,1.0,6.0,0.0,37
797,0905-7-lxt,6.0,word,1693908669.5494957,899.9999999999998,360.0,1.0,6.0,0.0,37
798,0905-7-lxt,6.0,word,1693908669.581832,899.9999999999998,360.0,0.0,6.0,0.0,37
799,0905-7-lxt,6.0,word,1693908669.6138277,908.9999999999999,359.00000000000006,9.055385138137416,6.0,0.0,35
800,0905-7-lxt,6.0,word,1693908669.645863,946.9999999999998,355.00000000000006,38.2099463490856,6.0,0.0,9
801,0905-7-lxt,6.0,word,1693908669.6621957,994.9999999999999,352.00000000000006,48.0936586256442,6.0,0.0,4
802,0905-7-lxt,6.0,word,1693908669.693381,1034.9999999999998,350.0,40.049968789001575,6.0,0.0,9
803,0905-7-lxt,6.0,word,1693908669.725618,1063.9999999999995,348.99999999999994,29.017236257093817,6.0,0.0,15
804,0905-7-lxt,6.0,word,1693908669.7577126,1084.9999999999998,349.0,21.0,6.0,0.0,13
805,0905-7-lxt,6.0,word,1693908669.7897444,1098.9999999999998,347.00000000000006,14.142135623730953,6.0,0.0,13
806,0905-7-lxt,6.0,word,1693908669.8219163,1109.9999999999998,340.00000000000006,13.038404810405298,6.0,0.0,8
807,0905-7-lxt,6.0,word,1693908669.8536289,1118.9999999999998,328.0,15.0,6.0,0.0,9
808,0905-7-lxt,6.0,word,1693908669.8858194,1126.9999999999995,318.99999999999994,12.041594578792296,6.0,0.0,8
809,0905-7-lxt,6.0,word,1693908669.9181566,1131.9999999999998,313.0,7.810249675906654,6.0,0.0,12
810,0905-7-lxt,6.0,word,1693908669.9495962,1136.9999999999995,309.0,6.4031242374328485,6.0,0.0,14
811,0905-7-lxt,6.0,word,1693908669.9655712,1141.0,303.99999999999994,6.4031242374328485,6.0,0.0,17
812,0905-7-lxt,6.0,word,1693908669.9976175,1125.9999999999995,303.0,15.033296378372908,6.0,0.0,18
813,0905-7-lxt,6.0,word,1693908670.0300434,1081.0,302.0,45.0111097397076,6.0,0.0,14
814,0905-7-lxt,6.0,word,1693908670.0620177,976.9999999999999,302.0,104.0,6.0,0.0,5
815,0905-7-lxt,6.0,word,1693908670.0934412,878.0,298.00000000000006,99.08077512817508,6.0,0.0,4
816,0905-7-lxt,6.0,word,1693908670.1258304,808.9999999999998,297.99999999999994,69.0,6.0,0.0,7
817,0905-7-lxt,6.0,word,1693908670.1582491,766.9999999999998,294.99999999999994,42.1070065428546,6.0,0.0,15
818,0905-7-lxt,6.0,word,1693908670.3019783,897.9999999999995,383.99999999999994,158.3729774930054,6.0,0.0,39
819,0905-7-lxt,6.0,word,1693908670.3343074,820.9999999999997,382.0,77.02596964660685,6.0,0.0,17
820,0905-7-lxt,6.0,word,1693908670.3661928,781.0,362.0,44.7213595499958,6.0,0.0,24
821,0905-7-lxt,6.0,word,1693908670.3974645,750.9999999999999,350.00000000000006,32.31098884280702,6.0,0.0,18
822,0905-7-lxt,6.0,word,1693908670.4298537,693.9999999999999,352.9999999999999,57.07889277132134,6.0,0.0,6
823,0905-7-lxt,6.0,word,1693908670.4619794,637.0,360.0,57.42821606144492,6.0,0.0,13
824,0905-7-lxt,6.0,word,1693908670.478098,601.9999999999998,366.0,35.510561809129406,6.0,0.0,15
825,0905-7-lxt,6.0,word,1693908670.5101771,579.9999999999998,370.0,22.360679774997894,6.0,0.0,19
826,0905-7-lxt,6.0,word,1693908670.5414913,566.9999999999999,371.9999999999999,13.152946437965904,6.0,0.0,17
827,0905-7-lxt,6.0,word,1693908670.5738983,558.0,374.00000000000006,9.219544457292889,6.0,0.0,17
828,0905-7-lxt,6.0,word,1693908670.606213,552.9999999999998,375.99999999999994,5.385164807134504,6.0,0.0,17
829,0905-7-lxt,6.0,word,1693908670.6375923,556.9999999999998,378.00000000000006,4.47213595499958,6.0,0.0,18
830,0905-7-lxt,6.0,word,1693908670.6698043,610.9999999999999,373.00000000000006,54.230987451824994,6.0,0.0,13
831,0905-7-lxt,6.0,word,1693908670.701799,924.9999999999995,346.99999999999994,315.0745943423557,6.0,0.0,25
832,0905-7-lxt,6.0,word,1693908670.733382,1217.9999999999995,322.0,294.06461874900896,6.0,0.0,4
833,0905-7-lxt,6.0,word,1693908670.7495315,1369.9999999999995,310.0,152.47294842036737,6.0,0.0,4
834,0905-7-lxt,6.0,word,1693908670.781719,1435.9999999999995,303.0,66.37017402418047,6.0,0.0,6
835,0905-7-lxt,6.0,word,1693908670.8139832,1465.9999999999995,300.0,30.14962686336267,6.0,0.0,4
836,0905-7-lxt,6.0,word,1693908670.846031,1478.9999999999993,304.0,13.601470508735444,6.0,0.0,2
837,0905-7-lxt,6.0,word,1693908670.8772984,1452.9999999999998,299.0,26.476404589747453,6.0,0.0,6
838,0905-7-lxt,6.0,word,1693908670.9096217,1370.9999999999998,291.99999999999994,82.29823813423954,6.0,0.0,7
839,0905-7-lxt,6.0,word,1693908670.9418802,1197.0,295.0,174.0258601472781,6.0,0.0,13
840,0905-7-lxt,6.0,word,1693908670.9740334,935.9999999999997,298.0,261.01724080987447,6.0,0.0,6
841,0905-7-lxt,6.0,word,1693908671.0060089,768.9999999999998,298.0,167.0,6.0,0.0,15
842,0905-7-lxt,6.0,word,1693908671.0220332,684.9999999999997,300.0,84.02380615040002,6.0,0.0,41
843,0905-7-lxt,6.0,word,1693908671.0541294,641.9999999999999,299.00000000000006,43.01162633521314,6.0,0.0,86
844,0905-7-lxt,6.0,word,1693908671.0861623,620.9999999999999,298.99999999999994,21.0,6.0,0.0,91
845,0905-7-lxt,6.0,word,1693908671.1173136,609.9999999999999,301.99999999999994,11.40175425099138,6.0,0.0,70
846,0905-7-lxt,6.0,word,1693908671.1493738,604.0,302.00000000000006,6.0,6.0,0.0,51
847,0905-7-lxt,6.0,word,1693908671.1815052,618.9999999999999,296.99999999999994,15.811388300841896,6.0,0.0,92
848,0905-7-lxt,6.0,word,1693908671.2139602,633.9999999999999,293.0,15.524174696260024,6.0,0.0,97
849,0905-7-lxt,6.0,word,1693908671.2462685,641.9999999999998,291.0,8.246211251235321,6.0,0.0,87
850,0905-7-lxt,6.0,word,1693908671.2774692,647.9999999999999,290.99999999999994,6.0,6.0,0.0,88
851,0905-7-lxt,6.0,word,1693908671.2935534,651.0,289.99999999999994,3.1622776601683795,6.0,0.0,88
852,0905-7-lxt,6.0,word,1693908671.325554,653.9999999999998,290.0,3.0,6.0,0.0,87
853,0905-7-lxt,6.0,word,1693908671.3576002,705.0,289.99999999999994,51.0,6.0,0.0,34
854,0905-7-lxt,6.0,word,1693908671.3896708,829.9999999999998,288.99999999999994,125.00399993600205,6.0,0.0,5
855,0905-7-lxt,6.0,word,1693908671.4219775,937.9999999999999,287.99999999999994,108.00462953040486,6.0,0.0,6
856,0905-7-lxt,6.0,word,1693908671.4544215,1006.9999999999995,287.99999999999994,69.0,6.0,0.0,18
857,0905-7-lxt,6.0,word,1693908671.4857512,1048.0,287.00000000000006,41.01219330881976,6.0,0.0,19
858,0905-7-lxt,6.0,word,1693908671.5177665,1068.9999999999995,289.99999999999994,21.213203435596427,6.0,0.0,14
