original_index,username,iteration,phase,time,gaze_x,gaze_y,speed,matrix_x,matrix_y,density
2,0905-10-wzx,0.0,word,1693913777.823676,407.0000000000001,269.0,223.3763640137425,0.0,0.0,0
3,0905-10-wzx,0.0,word,1693913777.8396766,544.0000000000001,330.0,149.96666296213968,0.0,0.0,44
4,0905-10-wzx,0.0,word,1693913777.871676,616.0000000000002,364.00000000000006,79.62411694957753,0.0,0.0,35
5,0905-10-wzx,0.0,word,1693913777.9037058,651.0000000000001,381.0,38.91015291668744,0.0,0.0,15
6,0905-10-wzx,0.0,word,1693913777.9356763,666.0,383.99999999999994,15.297058540778355,0.0,0.0,11
7,0905-10-wzx,0.0,word,1693913777.9672968,673.0,386.9999999999999,7.615773105863909,0.0,0.0,11
8,0905-10-wzx,0.0,word,1693913777.9996192,678.0000000000001,388.0,5.0990195135927845,0.0,0.0,11
9,0905-10-wzx,0.0,word,1693913778.031211,680.0,389.0,2.23606797749979,0.0,0.0,11
10,0905-10-wzx,0.0,word,1693913778.0634806,660.0000000000001,370.9999999999999,26.90724809414742,0.0,0.0,9
11,0905-10-wzx,0.0,word,1693913778.0793989,645.0000000000001,359.00000000000006,19.209372712298546,0.0,0.0,36
12,0905-10-wzx,0.0,word,1693913778.1117468,633.0,349.00000000000006,15.620499351813308,0.0,0.0,45
13,0905-10-wzx,0.0,word,1693913778.1438549,617.0000000000001,336.0,20.615528128088304,0.0,0.0,46
14,0905-10-wzx,0.0,word,1693913778.1751714,600.0,323.0,21.40093455903269,0.0,0.0,44
15,0905-10-wzx,0.0,word,1693913778.2073932,571.0000000000001,310.0,31.78049716414141,0.0,0.0,34
16,0905-10-wzx,0.0,word,1693913778.2393937,541.0000000000001,297.0,32.69556544854363,0.0,0.0,59
17,0905-10-wzx,0.0,word,1693913778.271778,516.0000000000001,284.99999999999994,27.73084924772409,0.0,0.0,86
18,0905-10-wzx,0.0,word,1693913778.3038678,499.00000000000006,279.0,18.027756377319943,0.0,0.0,125
19,0905-10-wzx,0.0,word,1693913778.3353014,488.00000000000006,276.0,11.40175425099138,0.0,0.0,124
20,0905-10-wzx,0.0,word,1693913778.351416,481.0,273.0,7.615773105863909,0.0,0.0,108
21,0905-10-wzx,0.0,word,1693913778.38333,477.0000000000001,271.00000000000006,4.47213595499958,0.0,0.0,101
22,0905-10-wzx,0.0,word,1693913778.4157853,472.00000000000006,269.00000000000006,5.385164807134504,0.0,0.0,99
23,0905-10-wzx,0.0,word,1693913778.4469995,471.0,267.0,2.23606797749979,0.0,0.0,91
24,0905-10-wzx,0.0,word,1693913778.4790037,468.00000000000006,266.0,3.1622776601683795,0.0,0.0,86
25,0905-10-wzx,0.0,word,1693913778.511094,467.0,266.99999999999994,1.4142135623730951,0.0,0.0,86
26,0905-10-wzx,0.0,word,1693913778.543006,467.00000000000006,268.0,1.0,0.0,0.0,86
27,0905-10-wzx,0.0,word,1693913778.575192,465.99999999999994,268.0,1.0,0.0,0.0,86
28,0905-10-wzx,0.0,word,1693913778.6076453,465.99999999999994,268.0,0.0,0.0,0.0,86
29,0905-10-wzx,0.0,word,1693913778.6236508,466.0000000000001,268.99999999999994,1.0,0.0,0.0,87
30,0905-10-wzx,0.0,word,1693913778.655623,467.00000000000006,269.0,1.0,0.0,0.0,88
31,0905-10-wzx,0.0,word,1693913778.6879077,467.0,270.0,1.0,0.0,0.0,89
32,0905-10-wzx,0.0,word,1693913778.718909,501.0000000000001,224.0,57.20139858430037,0.0,0.0,1
33,0905-10-wzx,0.0,word,1693913778.7513494,501.00000000000006,227.00000000000003,3.0,0.0,0.0,1
34,0905-10-wzx,0.0,word,1693913778.783324,468.0000000000001,274.0,57.42821606144492,0.0,0.0,93
35,0905-10-wzx,0.0,word,1693913778.815795,468.00000000000017,275.0,1.0,0.0,0.0,93
36,0905-10-wzx,0.0,word,1693913778.8471467,468.0000000000001,277.0,2.0,0.0,0.0,94
37,0905-10-wzx,0.0,word,1693913778.879116,469.0,279.0,2.23606797749979,0.0,0.0,103
38,0905-10-wzx,0.0,word,1693913778.8952837,471.0,283.00000000000006,4.47213595499958,0.0,0.0,106
39,0905-10-wzx,0.0,word,1693913778.9276054,472.0000000000001,285.0,2.23606797749979,0.0,0.0,112
40,0905-10-wzx,0.0,word,1693913778.9597964,474.00000000000017,290.0,5.385164807134504,0.0,0.0,121
41,0905-10-wzx,0.0,word,1693913778.9910464,476.0,295.0,5.385164807134504,0.0,0.0,123
42,0905-10-wzx,0.0,word,1693913779.0231087,475.99999999999994,296.99999999999994,2.0,0.0,0.0,125
43,0905-10-wzx,0.0,word,1693913779.0552387,476.99999999999994,298.99999999999994,2.23606797749979,0.0,0.0,126
44,0905-10-wzx,0.0,word,1693913779.0874674,477.0,301.0,2.0,0.0,0.0,127
45,0905-10-wzx,0.0,word,1693913779.119745,476.0,299.99999999999994,1.4142135623730951,0.0,0.0,125
46,0905-10-wzx,0.0,word,1693913779.1351402,477.00000000000006,300.0,1.0,0.0,0.0,126
47,0905-10-wzx,0.0,word,1693913779.1670327,475.9999999999999,298.99999999999994,1.4142135623730951,0.0,0.0,125
48,0905-10-wzx,0.0,word,1693913779.1993375,476.00000000000006,298.0,1.0,0.0,0.0,125
49,0905-10-wzx,0.0,word,1693913779.23158,475.99999999999994,296.99999999999994,1.0,0.0,0.0,125
50,0905-10-wzx,0.0,word,1693913779.2637253,474.99999999999994,296.0,1.4142135623730951,0.0,0.0,122
51,0905-10-wzx,0.0,word,1693913779.295897,474.99999999999994,294.00000000000006,2.0,0.0,0.0,122
52,0905-10-wzx,0.0,word,1693913779.3278122,475.00000000000006,291.0,3.0,0.0,0.0,122
53,0905-10-wzx,0.0,word,1693913779.3589926,474.0000000000002,287.0,4.123105625617661,0.0,0.0,115
54,0905-10-wzx,0.0,word,1693913779.3914688,472.00000000000017,282.99999999999994,4.47213595499958,0.0,0.0,107
55,0905-10-wzx,0.0,word,1693913779.4074628,470.00000000000006,281.0,2.8284271247461903,0.0,0.0,104
56,0905-10-wzx,0.0,word,1693913779.4394364,468.0000000000001,277.0,4.47213595499958,0.0,0.0,94
57,0905-10-wzx,0.0,word,1693913779.4716363,466.00000000000006,273.9999999999999,3.605551275463989,0.0,0.0,90
58,0905-10-wzx,0.0,word,1693913779.5036626,465.0000000000001,272.0,2.23606797749979,0.0,0.0,89
59,0905-10-wzx,0.0,word,1693913779.5358331,464.0,271.99999999999994,1.0,0.0,0.0,87
60,0905-10-wzx,0.0,word,1693913779.567817,463.00000000000006,271.99999999999994,1.0,0.0,0.0,85
61,0905-10-wzx,0.0,word,1693913779.5992072,463.00000000000006,271.99999999999994,0.0,0.0,0.0,85
62,0905-10-wzx,0.0,word,1693913779.6317403,463.00000000000006,273.00000000000006,1.0,0.0,0.0,87
63,0905-10-wzx,0.0,word,1693913779.6638255,463.00000000000006,273.00000000000006,0.0,0.0,0.0,87
64,0905-10-wzx,0.0,word,1693913779.6798644,465.00000000000006,273.0,2.0,0.0,0.0,89
65,0905-10-wzx,0.0,word,1693913779.7118638,467.0,273.0,2.0,0.0,0.0,91
66,0905-10-wzx,0.0,word,1693913779.74298,471.00000000000006,274.0,4.123105625617661,0.0,0.0,101
67,0905-10-wzx,0.0,word,1693913779.776864,475.9999999999999,273.99999999999994,5.0,0.0,0.0,103
68,0905-10-wzx,0.0,word,1693913779.8069084,480.0,274.99999999999994,4.123105625617661,0.0,0.0,108
69,0905-10-wzx,0.0,word,1693913779.8404212,483.0,276.99999999999994,3.605551275463989,0.0,0.0,120
70,0905-10-wzx,0.0,word,1693913779.8720217,487.0000000000001,278.0,4.123105625617661,0.0,0.0,125
71,0905-10-wzx,0.0,word,1693913779.9031472,491.0,278.99999999999994,4.123105625617661,0.0,0.0,130
72,0905-10-wzx,0.0,word,1693913779.9351475,495.0,278.99999999999994,4.0,0.0,0.0,132
73,0905-10-wzx,0.0,word,1693913779.9672976,497.00000000000006,280.0,2.23606797749979,0.0,0.0,132
74,0905-10-wzx,0.0,word,1693913779.9833224,499.0000000000001,281.0,2.23606797749979,0.0,0.0,126
75,0905-10-wzx,0.0,word,1693913780.015432,501.00000000000006,283.0,2.8284271247461903,0.0,0.0,126
76,0905-10-wzx,0.0,word,1693913780.047325,503.00000000000017,283.0,2.0,0.0,0.0,119
77,0905-10-wzx,0.0,word,1693913780.0795882,504.0,283.99999999999994,1.4142135623730951,0.0,0.0,113
78,0905-10-wzx,0.0,word,1693913780.1109197,505.00000000000006,284.99999999999994,1.4142135623730951,0.0,0.0,110
79,0905-10-wzx,0.0,word,1693913780.1430402,506.00000000000006,286.0,1.4142135623730951,0.0,0.0,109
80,0905-10-wzx,0.0,word,1693913780.175238,507.0000000000002,286.0,1.0,0.0,0.0,106
81,0905-10-wzx,0.0,word,1693913780.2074037,507.0000000000002,286.0,0.0,0.0,0.0,106
82,0905-10-wzx,0.0,word,1693913780.223533,508.00000000000006,286.00000000000006,1.0,0.0,0.0,107
83,0905-10-wzx,0.0,word,1693913780.2550118,508.00000000000006,286.00000000000006,0.0,0.0,0.0,107
84,0905-10-wzx,0.0,word,1693913780.287011,508.00000000000006,285.0,1.0,0.0,0.0,106
85,0905-10-wzx,0.0,word,1693913780.3191838,508.00000000000006,285.0,0.0,0.0,0.0,106
86,0905-10-wzx,0.0,word,1693913780.3512878,508.00000000000006,285.0,0.0,0.0,0.0,106
87,0905-10-wzx,0.0,word,1693913780.383692,508.00000000000006,285.0,0.0,0.0,0.0,106
88,0905-10-wzx,0.0,word,1693913780.4156897,510.0000000000001,284.00000000000006,2.23606797749979,0.0,0.0,103
89,0905-10-wzx,0.0,word,1693913780.4469888,525.0000000000001,282.0,15.132745950421556,0.0,0.0,70
90,0905-10-wzx,0.0,word,1693913780.4791846,546.0000000000001,278.0,21.37755832643195,0.0,0.0,42
91,0905-10-wzx,0.0,word,1693913780.5114868,567.0000000000001,276.0,21.095023109728988,0.0,0.0,18
92,0905-10-wzx,0.0,word,1693913780.5273712,584.0000000000001,272.0,17.46424919657298,0.0,0.0,13
93,0905-10-wzx,0.0,word,1693913780.5595572,598.0,269.0,14.317821063276352,0.0,0.0,14
94,0905-10-wzx,0.0,word,1693913780.591816,609.0000000000001,266.99999999999994,11.180339887498947,0.0,0.0,23
95,0905-10-wzx,0.0,word,1693913780.6229968,619.0000000000001,265.99999999999994,10.04987562112089,0.0,0.0,21
96,0905-10-wzx,0.0,word,1693913780.655311,625.0000000000001,267.0,6.082762530298219,0.0,0.0,21
97,0905-10-wzx,0.0,word,1693913780.6875963,629.0,268.0,4.123105625617661,0.0,0.0,23
98,0905-10-wzx,0.0,word,1693913780.719594,633.0000000000001,268.0,4.0,0.0,0.0,32
99,0905-10-wzx,0.0,word,1693913780.7517676,636.0,268.0,3.0,0.0,0.0,35
100,0905-10-wzx,0.0,word,1693913780.7831304,639.0000000000001,268.0,3.0,0.0,0.0,36
101,0905-10-wzx,0.0,word,1693913780.7991662,640.0,266.99999999999994,1.4142135623730951,0.0,0.0,36
102,0905-10-wzx,0.0,word,1693913780.8315785,641.9999999999999,266.99999999999994,2.0,0.0,0.0,36
103,0905-10-wzx,0.0,word,1693913780.8636165,643.0,266.99999999999994,1.0,0.0,0.0,37
104,0905-10-wzx,0.0,word,1693913780.8956234,644.0,267.0,1.0,0.0,0.0,37
105,0905-10-wzx,0.0,word,1693913780.9278033,645.0000000000001,267.0,1.0,0.0,0.0,37
106,0905-10-wzx,0.0,word,1693913780.9598367,646.0000000000001,267.0,1.0,0.0,0.0,38
107,0905-10-wzx,0.0,word,1693913780.9913688,647.0000000000001,268.0,1.4142135623730951,0.0,0.0,39
108,0905-10-wzx,0.0,word,1693913781.0237665,655.0,268.0,8.0,0.0,0.0,39
109,0905-10-wzx,0.0,word,1693913781.0397365,665.0,268.99999999999994,10.04987562112089,0.0,0.0,43
110,0905-10-wzx,0.0,word,1693913781.071202,676.0,270.0,11.04536101718726,0.0,0.0,57
111,0905-10-wzx,0.0,word,1693913781.1032958,685.9999999999999,271.0,10.04987562112089,0.0,0.0,51
112,0905-10-wzx,0.0,word,1693913781.135292,695.0,272.0,9.055385138137416,0.0,0.0,49
113,0905-10-wzx,0.0,word,1693913781.167634,702.0000000000001,272.00000000000006,7.0,0.0,0.0,50
114,0905-10-wzx,0.0,word,1693913781.1989408,707.0,274.0,5.385164807134504,0.0,0.0,50
115,0905-10-wzx,0.0,word,1693913781.2314916,711.0000000000001,274.99999999999994,4.123105625617661,0.0,0.0,42
116,0905-10-wzx,0.0,word,1693913781.263527,714.0000000000002,275.0,3.0,0.0,0.0,39
117,0905-10-wzx,0.0,word,1693913781.2955978,705.0000000000001,292.0,19.235384061671343,0.0,0.0,48
118,0905-10-wzx,0.0,word,1693913781.3752203,640.0,613.9999999999998,328.49505323520475,0.0,0.0,1
119,0905-10-wzx,0.0,word,1693913781.407298,645.0000000000002,599.9999999999999,14.866068747318506,0.0,0.0,4
120,0905-10-wzx,0.0,word,1693913781.4394548,663.0,537.0,65.52098900352466,0.0,0.0,2
121,0905-10-wzx,0.0,word,1693913781.4718504,698.0000000000001,432.9999999999999,109.73149046650192,0.0,0.0,12
122,0905-10-wzx,0.0,word,1693913781.5038793,717.0000000000001,365.00000000000006,70.60453243241541,0.0,0.0,2
123,0905-10-wzx,0.0,word,1693913781.535034,724.0000000000001,331.00000000000006,34.713109915419565,0.0,0.0,17
124,0905-10-wzx,0.0,word,1693913781.5670364,728.0,309.99999999999994,21.37755832643195,0.0,0.0,18
125,0905-10-wzx,0.0,word,1693913781.5830631,731.0000000000002,300.0,10.44030650891055,0.0,0.0,35
126,0905-10-wzx,0.0,word,1693913781.6153653,732.9999999999999,297.0,3.605551275463989,0.0,0.0,36
127,0905-10-wzx,0.0,word,1693913781.6477754,735.0,293.0,4.47213595499958,0.0,0.0,36
128,0905-10-wzx,0.0,word,1693913781.678969,705.0000000000002,290.0,30.14962686336267,0.0,0.0,48
129,0905-10-wzx,0.0,word,1693913781.7110777,662.0000000000001,292.0,43.04648650006177,0.0,0.0,57
130,0905-10-wzx,0.0,word,1693913781.743116,631.0,296.0,31.25699921617557,0.0,0.0,53
131,0905-10-wzx,0.0,word,1693913781.775382,604.0,298.0,27.073972741361768,0.0,0.0,44
132,0905-10-wzx,0.0,word,1693913781.807452,585.0000000000001,299.0,19.026297590440446,0.0,0.0,26
133,0905-10-wzx,0.0,word,1693913781.8394449,569.9999999999999,298.99999999999994,15.0,0.0,0.0,32
134,0905-10-wzx,0.0,word,1693913781.8558526,560.0,299.00000000000006,10.0,0.0,0.0,38
135,0905-10-wzx,0.0,word,1693913781.8878877,551.0,299.0,9.0,0.0,0.0,49
136,0905-10-wzx,0.0,word,1693913781.919178,545.0,298.0,6.082762530298219,0.0,0.0,55
137,0905-10-wzx,0.0,word,1693913781.9516385,541.0000000000001,297.0,4.123105625617661,0.0,0.0,59
138,0905-10-wzx,0.0,word,1693913781.9838078,537.0000000000001,297.0,4.0,0.0,0.0,67
139,0905-10-wzx,0.0,word,1693913782.0159564,535.0000000000001,296.0,2.23606797749979,0.0,0.0,70
140,0905-10-wzx,0.0,word,1693913782.0470085,531.0,295.99999999999994,4.0,0.0,0.0,73
141,0905-10-wzx,0.0,word,1693913782.080375,528.0000000000001,296.0,3.0,0.0,0.0,78
142,0905-10-wzx,0.0,word,1693913782.1115136,526.0000000000001,297.00000000000006,2.23606797749979,0.0,0.0,80
143,0905-10-wzx,0.0,word,1693913782.1275425,524.0,296.99999999999994,2.0,0.0,0.0,81
144,0905-10-wzx,0.0,word,1693913782.1596978,522.0,296.00000000000006,2.23606797749979,0.0,0.0,86
145,0905-10-wzx,0.0,word,1693913782.1910028,520.9999999999999,296.0,1.0,0.0,0.0,89
146,0905-10-wzx,0.0,word,1693913782.2230003,519.0000000000001,296.0,2.0,0.0,0.0,88
147,0905-10-wzx,0.0,word,1693913782.255165,518.0000000000001,294.9999999999999,1.4142135623730951,0.0,0.0,89
148,0905-10-wzx,0.0,word,1693913782.2871912,516.9999999999999,295.99999999999994,1.4142135623730951,0.0,0.0,89
149,0905-10-wzx,0.0,word,1693913782.31919,516.0,295.99999999999994,1.0,0.0,0.0,92
150,0905-10-wzx,0.0,word,1693913782.3511944,514.9999999999999,295.0,1.4142135623730951,0.0,0.0,97
151,0905-10-wzx,0.0,word,1693913782.3832743,514.0000000000001,295.0,1.0,0.0,0.0,102
152,0905-10-wzx,0.0,word,1693913782.3991642,512.9999999999999,295.99999999999994,1.4142135623730951,0.0,0.0,103
153,0905-10-wzx,0.0,word,1693913782.4312787,512.9999999999999,295.99999999999994,0.0,0.0,0.0,103
154,0905-10-wzx,0.0,word,1693913782.464163,512.0,296.99999999999994,1.4142135623730951,0.0,0.0,105
155,0905-10-wzx,0.0,word,1693913782.4951942,489.00000000000006,339.0,47.88527957525152,0.0,0.0,44
157,0905-10-wzx,0.0,word,1693913782.6398027,951.0000000000001,526.0000000000001,243.28789530101983,0.0,0.0,0
158,0905-10-wzx,0.0,word,1693913782.6709538,1054.0,502.00000000000006,105.75916035975324,0.0,0.0,9
159,0905-10-wzx,0.0,word,1693913782.7189853,1147.0000000000002,497.99999999999994,93.08598175880188,0.0,0.0,2
160,0905-10-wzx,0.0,word,1693913782.7349894,1210.0,493.0000000000001,63.198101237299845,0.0,0.0,6
161,0905-10-wzx,0.0,word,1693913782.7671072,1241.0000000000002,498.99999999999994,31.575306807693888,0.0,0.0,8
162,0905-10-wzx,0.0,word,1693913782.79926,1257.0000000000002,503.0,16.492422502470642,0.0,0.0,9
163,0905-10-wzx,0.0,word,1693913782.831703,1266.0,507.9999999999999,10.295630140987,0.0,0.0,12
164,0905-10-wzx,0.0,word,1693913782.8637383,1289.0000000000002,509.99999999999994,23.08679276123039,0.0,0.0,13
165,0905-10-wzx,0.0,word,1693913782.8957405,1291.0,510.00000000000006,2.0,0.0,0.0,12
166,0905-10-wzx,0.0,word,1693913782.9116285,1294.0,510.0,3.0,0.0,0.0,12
167,0905-10-wzx,0.0,word,1693913782.9436412,1296.0000000000002,510.00000000000006,2.0,0.0,0.0,12
168,0905-10-wzx,0.0,word,1693913782.975659,1297.0,507.99999999999983,2.23606797749979,0.0,0.0,13
169,0905-10-wzx,0.0,word,1693913783.0078657,1299.0,505.0,3.605551275463989,0.0,0.0,14
170,0905-10-wzx,0.0,word,1693913783.0398686,1301.0,505.0,2.0,0.0,0.0,15
171,0905-10-wzx,0.0,word,1693913783.0711348,1299.9999999999998,506.99999999999994,2.23606797749979,0.0,0.0,13
172,0905-10-wzx,0.0,word,1693913783.1031394,1233.9999999999998,506.0,66.007575322837,0.0,0.0,8
173,0905-10-wzx,0.0,word,1693913783.1351335,1197.0000000000002,491.0,39.92492955535426,0.0,0.0,7
174,0905-10-wzx,0.0,word,1693913783.1674297,1081.9999999999998,442.99999999999983,124.61540835707277,0.0,0.0,26
175,0905-10-wzx,0.0,word,1693913783.1834276,968.0000000000001,398.0,122.56018929489298,0.0,0.0,8
176,0905-10-wzx,0.0,word,1693913783.2155144,902.0,366.0,73.348483283569,0.0,0.0,7
177,0905-10-wzx,0.0,word,1693913783.2474182,858.0000000000001,340.00000000000006,51.10772935672255,0.0,0.0,10
178,0905-10-wzx,0.0,word,1693913783.279424,833.0000000000001,323.99999999999994,29.68164415931166,0.0,0.0,31
179,0905-10-wzx,0.0,word,1693913783.3110807,819.0,308.00000000000006,21.2602916254693,0.0,0.0,32
180,0905-10-wzx,0.0,word,1693913783.34305,814.9999999999999,301.00000000000006,8.06225774829855,0.0,0.0,30
181,0905-10-wzx,0.0,word,1693913783.3751695,810.9999999999998,286.99999999999994,14.560219778561036,0.0,0.0,12
182,0905-10-wzx,0.0,word,1693913783.4071262,769.9999999999999,281.99999999999994,41.30375285612676,0.0,0.0,10
183,0905-10-wzx,0.0,word,1693913783.439101,694.0,288.0,76.23647421018367,0.0,0.0,60
184,0905-10-wzx,0.0,word,1693913783.4552112,603.0,312.0,94.11163583744572,0.0,0.0,45
185,0905-10-wzx,0.0,word,1693913783.487406,560.0,318.0,43.41658669218482,0.0,0.0,35
186,0905-10-wzx,0.0,word,1693913783.5196257,536.0,329.99999999999994,26.83281572999748,0.0,0.0,55
187,0905-10-wzx,0.0,word,1693913783.551708,521.0,332.0,15.132745950421556,0.0,0.0,64
188,0905-10-wzx,0.0,word,1693913783.5835986,511.0,331.99999999999994,10.0,0.0,0.0,63
189,0905-10-wzx,0.0,word,1693913783.615078,499.00000000000006,337.99999999999994,13.41640786499874,0.0,0.0,46
190,0905-10-wzx,0.0,word,1693913783.6474438,493.00000000000006,338.0,6.0,0.0,0.0,44
191,0905-10-wzx,0.0,word,1693913783.679879,488.0,334.00000000000006,6.4031242374328485,0.0,0.0,55
192,0905-10-wzx,0.0,word,1693913783.7128491,485.00000000000006,327.99999999999994,6.708203932499369,0.0,0.0,69
193,0905-10-wzx,0.0,word,1693913783.743302,482.0,323.0,5.830951894845301,0.0,0.0,71
194,0905-10-wzx,0.0,word,1693913783.7593255,482.00000000000006,324.00000000000006,1.0,0.0,0.0,70
195,0905-10-wzx,0.0,word,1693913783.7923748,477.99999999999994,319.0,6.4031242374328485,0.0,0.0,73
196,0905-10-wzx,0.0,word,1693913783.8234046,475.0,315.0,5.0,0.0,0.0,84
197,0905-10-wzx,0.0,word,1693913783.8556137,472.00000000000006,311.00000000000006,5.0,0.0,0.0,97
198,0905-10-wzx,0.0,word,1693913783.8869498,468.0,304.99999999999994,7.211102550927978,0.0,0.0,107
199,0905-10-wzx,0.0,word,1693913783.919087,464.99999999999994,296.99999999999994,8.54400374531753,0.0,0.0,100
200,0905-10-wzx,0.0,word,1693913783.951229,463.0,291.99999999999994,5.385164807134504,0.0,0.0,95
201,0905-10-wzx,0.0,word,1693913783.9834857,461.0000000000001,288.00000000000006,4.47213595499958,0.0,0.0,90
202,0905-10-wzx,0.0,word,1693913784.0153742,460.00000000000006,283.99999999999994,4.123105625617661,0.0,0.0,89
203,0905-10-wzx,0.0,word,1693913784.0476882,460.0000000000001,282.0,2.0,0.0,0.0,88
204,0905-10-wzx,0.0,word,1693913784.0636744,460.00000000000006,281.0,1.0,0.0,0.0,87
205,0905-10-wzx,0.0,word,1693913784.0949712,459.00000000000006,280.0,1.4142135623730951,0.0,0.0,85
206,0905-10-wzx,0.0,word,1693913784.1269712,458.00000000000006,280.0,1.0,0.0,0.0,85
207,0905-10-wzx,0.0,word,1693913784.1591191,458.0000000000001,281.0,1.0,0.0,0.0,85
208,0905-10-wzx,0.0,word,1693913784.1916564,458.0000000000001,281.0,0.0,0.0,0.0,85
209,0905-10-wzx,0.0,word,1693913784.2237282,458.0000000000001,281.99999999999994,1.0,0.0,0.0,85
210,0905-10-wzx,0.0,word,1693913784.2557998,458.0000000000001,281.99999999999994,0.0,0.0,0.0,85
211,0905-10-wzx,0.0,word,1693913784.27092,412.0000000000001,488.00000000000006,211.07344693257843,0.0,0.0,7
213,0905-10-wzx,0.0,word,1693913784.3999796,516.0000000000001,525.0,359.3563690822802,0.0,0.0,3
214,0905-10-wzx,0.0,word,1693913784.4310648,542.0000000000002,473.0,58.137767414994535,0.0,0.0,5
215,0905-10-wzx,0.0,word,1693913784.4630723,588.9999999999998,381.9999999999999,102.42070103255492,0.0,0.0,9
216,0905-10-wzx,0.0,word,1693913784.495076,632.0,323.99999999999994,72.20110802473879,0.0,0.0,52
217,0905-10-wzx,0.0,word,1693913784.5270743,658.0,294.0,39.698866482558415,0.0,0.0,58
218,0905-10-wzx,0.0,word,1693913784.5430467,674.0000000000001,282.0,20.0,0.0,0.0,56
219,0905-10-wzx,0.0,word,1693913784.5750716,684.0000000000002,276.0,11.6619037896906,0.0,0.0,51
220,0905-10-wzx,0.0,word,1693913784.6070468,694.0000000000002,271.99999999999994,10.770329614269007,0.0,0.0,50
221,0905-10-wzx,0.0,word,1693913784.639071,700.0,271.99999999999994,6.0,0.0,0.0,48
222,0905-10-wzx,0.0,word,1693913784.6710472,702.0000000000001,271.0,2.23606797749979,0.0,0.0,49
223,0905-10-wzx,0.0,word,1693913784.7030756,704.0,271.0,2.0,0.0,0.0,51
224,0905-10-wzx,0.0,word,1693913784.735473,705.9999999999999,272.0,2.23606797749979,0.0,0.0,50
225,0905-10-wzx,0.0,word,1693913784.7677228,707.0,272.99999999999994,1.4142135623730951,0.0,0.0,50
226,0905-10-wzx,0.0,word,1693913784.7992885,707.0,274.0,1.0,0.0,0.0,50
227,0905-10-wzx,0.0,word,1693913784.8154423,708.0000000000001,273.0,1.4142135623730951,0.0,0.0,50
228,0905-10-wzx,0.0,word,1693913784.847474,708.0000000000001,273.0,0.0,0.0,0.0,50
229,0905-10-wzx,0.0,word,1693913784.8798847,708.0000000000001,271.99999999999994,1.0,0.0,0.0,50
230,0905-10-wzx,0.0,word,1693913784.911234,708.0000000000001,271.99999999999994,0.0,0.0,0.0,50
231,0905-10-wzx,0.0,word,1693913784.9431803,708.0000000000001,271.99999999999994,0.0,0.0,0.0,50
232,0905-10-wzx,0.0,word,1693913784.9756885,709.0000000000001,272.0,1.0,0.0,0.0,44
233,0905-10-wzx,0.0,word,1693913785.0077336,709.0000000000001,272.0,0.0,0.0,0.0,44
234,0905-10-wzx,0.0,word,1693913785.039708,709.0000000000001,272.0,0.0,0.0,0.0,44
235,0905-10-wzx,0.0,word,1693913785.071495,701.0000000000002,273.0,8.06225774829855,0.0,0.0,50
236,0905-10-wzx,0.0,word,1693913785.0875535,669.0,279.99999999999994,32.7566787083184,0.0,0.0,53
237,0905-10-wzx,0.0,word,1693913785.1190166,627.0,289.0,42.95346318982906,0.0,0.0,28
238,0905-10-wzx,0.0,word,1693913785.1513932,590.0000000000001,294.99999999999994,37.48332962798263,0.0,0.0,26
239,0905-10-wzx,0.0,word,1693913785.1834335,564.0,301.0,26.68332812825267,0.0,0.0,33
240,0905-10-wzx,0.0,word,1693913785.215035,544.0000000000002,303.99999999999994,20.223748416156685,0.0,0.0,54
241,0905-10-wzx,0.0,word,1693913785.2472503,530.0,307.0,14.317821063276352,0.0,0.0,78
242,0905-10-wzx,0.0,word,1693913785.279415,519.9999999999999,306.99999999999994,10.0,0.0,0.0,92
243,0905-10-wzx,0.0,word,1693913785.3116062,514.0,308.0,6.082762530298219,0.0,0.0,113
244,0905-10-wzx,0.0,word,1693913785.343829,509.00000000000006,309.00000000000006,5.0990195135927845,0.0,0.0,119
245,0905-10-wzx,0.0,word,1693913785.35898,504.99999999999994,309.99999999999994,4.123105625617661,0.0,0.0,120
246,0905-10-wzx,0.0,word,1693913785.391029,503.0,310.0,2.0,0.0,0.0,118
247,0905-10-wzx,0.0,word,1693913785.4230587,501.9999999999999,310.99999999999994,1.4142135623730951,0.0,0.0,119
248,0905-10-wzx,0.0,word,1693913785.4556165,499.99999999999994,312.0,2.23606797749979,0.0,0.0,118
249,0905-10-wzx,0.0,word,1693913785.4878411,499.0000000000001,311.99999999999994,1.0,0.0,0.0,118
250,0905-10-wzx,0.0,word,1693913785.519045,506.0,314.0,7.280109889280518,0.0,0.0,117
251,0905-10-wzx,0.0,word,1693913785.5511932,516.0,318.0,10.770329614269007,0.0,0.0,93
252,0905-10-wzx,0.0,word,1693913785.5829494,527.0,321.0,11.40175425099138,0.0,0.0,70
253,0905-10-wzx,0.0,word,1693913785.615874,539.0,324.0,12.36931687685298,0.0,0.0,63
254,0905-10-wzx,0.0,word,1693913785.6312551,550.0,326.99999999999994,11.40175425099138,0.0,0.0,44
255,0905-10-wzx,0.0,word,1693913785.663476,559.0000000000001,329.0,9.219544457292889,0.0,0.0,32
256,0905-10-wzx,0.0,word,1693913785.695519,565.9999999999999,328.0,7.071067811865476,0.0,0.0,31
257,0905-10-wzx,0.0,word,1693913785.7276196,571.9999999999999,326.99999999999994,6.082762530298219,0.0,0.0,30
258,0905-10-wzx,0.0,word,1693913785.7596667,578.0000000000001,328.00000000000006,6.082762530298219,0.0,0.0,39
259,0905-10-wzx,0.0,word,1693913785.7911472,585.0,344.0,17.46424919657298,0.0,0.0,38
260,0905-10-wzx,0.0,word,1693913785.823502,581.0,410.0,66.12110101926616,0.0,0.0,8
264,0905-10-wzx,0.0,word,1693913786.063747,530.0000000000001,543.9999999999999,180.13605968822566,0.0,0.0,6
265,0905-10-wzx,0.0,word,1693913786.095333,551.0,431.9999999999999,113.95174417269794,0.0,0.0,5
266,0905-10-wzx,0.0,word,1693913786.1275532,564.0000000000002,373.00000000000006,60.41522986797286,0.0,0.0,6
267,0905-10-wzx,0.0,word,1693913786.1596203,559.0000000000001,340.0,33.37663853655727,0.0,0.0,25
268,0905-10-wzx,0.0,word,1693913786.175598,530.9999999999999,325.99999999999994,31.304951684997057,0.0,0.0,64
269,0905-10-wzx,0.0,word,1693913786.2078626,515.0,321.0,16.76305461424021,0.0,0.0,89
270,0905-10-wzx,0.0,word,1693913786.2389724,505.0,314.99999999999994,11.6619037896906,0.0,0.0,114
271,0905-10-wzx,0.0,word,1693913786.2712452,499.99999999999994,312.0,5.830951894845301,0.0,0.0,118
272,0905-10-wzx,0.0,word,1693913786.303391,498.00000000000006,311.0,2.23606797749979,0.0,0.0,120
273,0905-10-wzx,0.0,word,1693913786.335709,495.0000000000001,308.0,4.242640687119285,0.0,0.0,121
274,0905-10-wzx,0.0,word,1693913786.3676388,493.00000000000006,303.99999999999994,4.47213595499958,0.0,0.0,125
275,0905-10-wzx,0.0,word,1693913786.3997858,491.99999999999994,300.99999999999994,3.1622776601683795,0.0,0.0,134
276,0905-10-wzx,0.0,word,1693913786.4159007,490.00000000000006,301.0,2.0,0.0,0.0,139
277,0905-10-wzx,0.0,word,1693913786.4632566,489.00000000000017,299.9999999999999,1.4142135623730951,0.0,0.0,143
278,0905-10-wzx,0.0,word,1693913786.4791813,489.0,298.0,2.0,0.0,0.0,139
279,0905-10-wzx,0.0,word,1693913786.5114615,488.0,296.0,2.23606797749979,0.0,0.0,139
280,0905-10-wzx,0.0,word,1693913786.5434086,488.0,296.0,0.0,0.0,0.0,139
281,0905-10-wzx,0.0,word,1693913786.5755668,487.0000000000001,295.0,1.4142135623730951,0.0,0.0,137
282,0905-10-wzx,0.0,word,1693913786.6078217,486.0,294.9999999999999,1.0,0.0,0.0,136
283,0905-10-wzx,0.0,word,1693913786.6391926,485.9999999999999,293.99999999999994,1.0,0.0,0.0,135
284,0905-10-wzx,0.0,word,1693913786.6714442,485.0000000000001,294.00000000000006,1.0,0.0,0.0,134
285,0905-10-wzx,0.0,word,1693913786.7037077,484.0000000000001,293.00000000000006,1.4142135623730951,0.0,0.0,132
286,0905-10-wzx,0.0,word,1693913786.7189145,483.0000000000001,291.99999999999994,1.4142135623730951,0.0,0.0,132
287,0905-10-wzx,0.0,word,1693913786.7520604,483.00000000000017,291.0,1.0,0.0,0.0,131
288,0905-10-wzx,0.0,word,1693913786.783044,483.00000000000017,291.0,0.0,0.0,0.0,131
289,0905-10-wzx,0.0,word,1693913786.8154626,481.99999999999994,290.0,1.4142135623730951,0.0,0.0,130
290,0905-10-wzx,0.0,word,1693913786.8478413,482.00000000000006,289.00000000000006,1.0,0.0,0.0,130
291,0905-10-wzx,0.0,word,1693913786.8790052,482.0,288.0,1.0,0.0,0.0,129
292,0905-10-wzx,0.0,word,1693913786.9110117,483.00000000000006,288.0,1.0,0.0,0.0,130
293,0905-10-wzx,0.0,word,1693913786.9431138,501.00000000000006,284.99999999999994,18.24828759089466,0.0,0.0,127
294,0905-10-wzx,0.0,word,1693913786.9756234,540.0000000000002,280.0,39.319206502675,0.0,0.0,48
295,0905-10-wzx,0.0,word,1693913786.991894,579.0,273.00000000000006,39.6232255123179,0.0,0.0,15
296,0905-10-wzx,0.0,word,1693913787.0238929,614.0000000000001,267.0,35.510561809129406,0.0,0.0,22
297,0905-10-wzx,0.0,word,1693913787.055065,639.0,264.0,25.179356624028344,0.0,0.0,36
298,0905-10-wzx,0.0,word,1693913787.0870967,658.9999999999999,261.0,20.223748416156685,0.0,0.0,37
299,0905-10-wzx,0.0,word,1693913787.1191294,672.0000000000002,261.00000000000006,13.0,0.0,0.0,55
300,0905-10-wzx,0.0,word,1693913787.1512134,675.0000000000002,262.00000000000006,3.1622776601683795,0.0,0.0,55
301,0905-10-wzx,0.0,word,1693913787.1835215,673.0000000000001,263.00000000000006,2.23606797749979,0.0,0.0,55
302,0905-10-wzx,0.0,word,1693913787.2155228,672.0000000000001,263.99999999999994,1.4142135623730951,0.0,0.0,55
303,0905-10-wzx,0.0,word,1693913787.23157,670.0000000000001,265.00000000000006,2.23606797749979,0.0,0.0,55
304,0905-10-wzx,0.0,word,1693913787.2631323,669.0000000000001,265.99999999999994,1.4142135623730951,0.0,0.0,51
305,0905-10-wzx,0.0,word,1693913787.2951272,669.0000000000001,265.99999999999994,0.0,0.0,0.0,51
306,0905-10-wzx,0.0,word,1693913787.3276584,669.0,266.99999999999994,1.0,0.0,0.0,51
307,0905-10-wzx,0.0,word,1693913787.359835,669.0,266.99999999999994,0.0,0.0,0.0,51
308,0905-10-wzx,0.0,word,1693913787.3914232,669.0,266.99999999999994,0.0,0.0,0.0,51
309,0905-10-wzx,0.0,word,1693913787.423529,674.0,267.0,5.0,0.0,0.0,57
310,0905-10-wzx,0.0,word,1693913787.4558933,683.0,266.99999999999994,9.0,0.0,0.0,54
311,0905-10-wzx,0.0,word,1693913787.4871006,692.0000000000001,265.99999999999994,9.055385138137416,0.0,0.0,50
312,0905-10-wzx,0.0,word,1693913787.5190814,701.0,265.0,9.055385138137416,0.0,0.0,48
313,0905-10-wzx,0.0,word,1693913787.5350814,710.0,264.99999999999994,9.0,0.0,0.0,43
314,0905-10-wzx,0.0,word,1693913787.567314,717.9999999999999,265.00000000000006,8.0,0.0,0.0,37
315,0905-10-wzx,0.0,word,1693913787.599448,724.0000000000001,264.0,6.082762530298219,0.0,0.0,35
316,0905-10-wzx,0.0,word,1693913787.631751,730.0,264.0,6.0,0.0,0.0,34
317,0905-10-wzx,0.0,word,1693913787.6631882,736.0000000000001,264.0,6.0,0.0,0.0,30
318,0905-10-wzx,0.0,word,1693913787.695461,750.0000000000002,266.0,14.142135623730953,0.0,0.0,12
319,0905-10-wzx,0.0,word,1693913787.7275329,765.0,266.0,15.0,0.0,0.0,8
320,0905-10-wzx,0.0,word,1693913787.7597754,778.0000000000001,266.0,13.0,0.0,0.0,10
321,0905-10-wzx,0.0,word,1693913787.7758827,788.0000000000001,266.0,10.0,0.0,0.0,12
322,0905-10-wzx,0.0,word,1693913787.8073845,796.0000000000001,267.0,8.06225774829855,0.0,0.0,12
323,0905-10-wzx,0.0,word,1693913787.840665,802.0000000000001,269.0,6.324555320336759,0.0,0.0,12
324,0905-10-wzx,0.0,word,1693913787.871125,807.0000000000001,270.0,5.0990195135927845,0.0,0.0,12
325,0905-10-wzx,0.0,word,1693913787.903125,811.9999999999999,269.0,5.0990195135927845,0.0,0.0,11
326,0905-10-wzx,0.0,word,1693913787.9353206,815.0,268.0,3.1622776601683795,0.0,0.0,11
327,0905-10-wzx,0.0,word,1693913787.9676545,818.0,268.0,3.0,0.0,0.0,10
328,0905-10-wzx,0.0,word,1693913787.9997797,820.0,268.0,2.0,0.0,0.0,10
329,0905-10-wzx,0.0,word,1693913788.0313385,851.9999999999999,268.0,32.0,0.0,0.0,3
330,0905-10-wzx,0.0,word,1693913788.0472293,902.0,269.0,50.00999900019995,0.0,0.0,0
331,0905-10-wzx,0.0,word,1693913788.0792978,949.0,269.0,47.0,0.0,0.0,1
332,0905-10-wzx,0.0,word,1693913788.1115313,984.9999999999998,268.0,36.013886210738214,0.0,0.0,16
333,0905-10-wzx,0.0,word,1693913788.143582,1009.9999999999999,266.00000000000006,25.079872407968907,0.0,0.0,25
334,0905-10-wzx,0.0,word,1693913788.1759849,1022.9999999999998,271.99999999999994,14.317821063276352,0.0,0.0,25
335,0905-10-wzx,0.0,word,1693913788.2070367,1033.9999999999998,275.0,11.40175425099138,0.0,0.0,25
336,0905-10-wzx,0.0,word,1693913788.239182,1041.0000000000002,272.99999999999994,7.280109889280518,0.0,0.0,25
337,0905-10-wzx,0.0,word,1693913788.2717657,1036.0,273.0,5.0,0.0,0.0,25
338,0905-10-wzx,0.0,word,1693913788.3037755,1031.0,272.0,5.0990195135927845,0.0,0.0,25
339,0905-10-wzx,0.0,word,1693913788.3198156,1027.0,273.0,4.123105625617661,0.0,0.0,24
340,0905-10-wzx,0.0,word,1693913788.3512683,1025.0,273.00000000000006,2.0,0.0,0.0,24
341,0905-10-wzx,0.0,word,1693913788.3831968,1023.0000000000001,273.0,2.0,0.0,0.0,25
342,0905-10-wzx,0.0,word,1693913788.4152682,1021.9999999999999,272.99999999999994,1.0,0.0,0.0,25
343,0905-10-wzx,0.0,word,1693913788.4483304,1021.0,273.0,1.0,0.0,0.0,25
344,0905-10-wzx,0.0,word,1693913788.479782,1020.0,273.0,1.0,0.0,0.0,25
345,0905-10-wzx,0.0,word,1693913788.511383,1018.9999999999998,273.0,1.0,0.0,0.0,25
346,0905-10-wzx,0.0,word,1693913788.54366,1018.0000000000001,273.0,1.0,0.0,0.0,25
347,0905-10-wzx,0.0,word,1693913788.5757744,1017.0,273.0,1.0,0.0,0.0,25
348,0905-10-wzx,0.0,word,1693913788.607056,1015.9999999999998,271.99999999999994,1.4142135623730951,0.0,0.0,25
349,0905-10-wzx,0.0,word,1693913788.6231377,1014.9999999999998,273.0,1.4142135623730951,0.0,0.0,25
350,0905-10-wzx,0.0,word,1693913788.655459,1013.0000000000001,272.00000000000006,2.23606797749979,0.0,0.0,25
351,0905-10-wzx,0.0,word,1693913788.6869652,1014.9999999999998,272.0,2.0,0.0,0.0,25
352,0905-10-wzx,0.0,word,1693913788.7194097,1018.0000000000001,273.0,3.1622776601683795,0.0,0.0,25
353,0905-10-wzx,0.0,word,1693913788.7516887,1021.0,273.0,3.0,0.0,0.0,25
354,0905-10-wzx,0.0,word,1693913788.7838397,1025.0,272.0,4.123105625617661,0.0,0.0,24
355,0905-10-wzx,0.0,word,1693913788.8150263,1030.9999999999998,272.99999999999994,6.082762530298219,0.0,0.0,25
356,0905-10-wzx,0.0,word,1693913788.8474913,1035.0,273.00000000000006,4.0,0.0,0.0,25
357,0905-10-wzx,0.0,word,1693913788.8635874,1045.0,274.99999999999994,10.198039027185567,0.0,0.0,25
358,0905-10-wzx,0.0,word,1693913788.8960087,1068.0,274.99999999999994,23.0,0.0,0.0,8
359,0905-10-wzx,0.0,word,1693913788.9274762,1092.0,274.99999999999994,24.0,0.0,0.0,3
360,0905-10-wzx,0.0,word,1693913788.9595706,1115.0,274.99999999999994,23.0,0.0,0.0,4
361,0905-10-wzx,0.0,word,1693913788.9917653,1131.0,273.0000000000001,16.1245154965971,0.0,0.0,7
362,0905-10-wzx,0.0,word,1693913789.022943,1144.0,271.99999999999994,13.038404810405298,0.0,0.0,10
363,0905-10-wzx,0.0,word,1693913789.0551074,1152.9999999999998,270.0,9.219544457292889,0.0,0.0,10
364,0905-10-wzx,0.0,word,1693913789.0872982,1159.0,270.00000000000006,6.0,0.0,0.0,9
365,0905-10-wzx,0.0,word,1693913789.1197057,1165.0,270.99999999999994,6.082762530298219,0.0,0.0,9
366,0905-10-wzx,0.0,word,1693913789.135769,1168.9999999999998,271.99999999999994,4.123105625617661,0.0,0.0,10
367,0905-10-wzx,0.0,word,1693913789.1669612,1172.0000000000002,274.0,3.605551275463989,0.0,0.0,9
368,0905-10-wzx,0.0,word,1693913789.1993024,1175.0,274.0,3.0,0.0,0.0,9
369,0905-10-wzx,0.0,word,1693913789.2313285,1177.0,273.00000000000006,2.23606797749979,0.0,0.0,9
370,0905-10-wzx,0.0,word,1693913789.2635884,1183.0,273.0,6.0,0.0,0.0,9
371,0905-10-wzx,0.0,word,1693913789.2957652,1207.0,275.99999999999994,24.186773244895647,0.0,0.0,6
372,0905-10-wzx,0.0,word,1693913789.3278131,1239.0,273.99999999999994,32.0624390837628,0.0,0.0,3
373,0905-10-wzx,0.0,word,1693913789.3591757,1263.0,279.0,24.515301344262525,0.0,0.0,4
374,0905-10-wzx,0.0,word,1693913789.3916323,1283.0000000000002,279.0,20.0,0.0,0.0,15
375,0905-10-wzx,0.0,word,1693913789.4075482,1300.0000000000002,278.00000000000006,17.029386365926403,0.0,0.0,17
376,0905-10-wzx,0.0,word,1693913789.438917,1313.0000000000002,276.99999999999994,13.038404810405298,0.0,0.0,17
377,0905-10-wzx,0.0,word,1693913789.4714952,1317.0,275.99999999999994,4.123105625617661,0.0,0.0,17
378,0905-10-wzx,0.0,word,1693913789.503703,1317.0000000000005,276.99999999999994,1.0,0.0,0.0,18
379,0905-10-wzx,0.0,word,1693913789.5349798,1316.0,277.0,1.0,0.0,0.0,17
380,0905-10-wzx,0.0,word,1693913789.5673585,1315.0,276.99999999999994,1.0,0.0,0.0,17
381,0905-10-wzx,0.0,word,1693913789.5998342,1313.0000000000002,274.99999999999994,2.8284271247461903,0.0,0.0,17
382,0905-10-wzx,0.0,word,1693913789.6319053,1313.0,275.99999999999994,1.0,0.0,0.0,17
383,0905-10-wzx,0.0,word,1693913789.663277,1311.9999999999998,275.99999999999994,1.0,0.0,0.0,16
384,0905-10-wzx,0.0,word,1693913789.6793334,1311.0,276.99999999999994,1.4142135623730951,0.0,0.0,16
385,0905-10-wzx,0.0,word,1693913789.7118423,1311.0,276.99999999999994,0.0,0.0,0.0,16
386,0905-10-wzx,0.0,word,1693913789.7430704,1315.0,276.99999999999994,4.0,0.0,0.0,17
387,0905-10-wzx,0.0,word,1693913789.7751927,1322.0,277.0,7.0,0.0,0.0,19
388,0905-10-wzx,0.0,word,1693913789.8075757,1330.9999999999998,276.99999999999994,9.0,0.0,0.0,21
389,0905-10-wzx,0.0,word,1693913789.8389957,1339.0000000000005,277.0,8.0,0.0,0.0,22
390,0905-10-wzx,0.0,word,1693913789.8714554,1346.0000000000005,276.99999999999994,7.0,0.0,0.0,21
391,0905-10-wzx,0.0,word,1693913789.9035642,1352.0000000000002,277.0,6.0,0.0,0.0,18
392,0905-10-wzx,0.0,word,1693913789.935794,1357.0,277.0,5.0,0.0,0.0,11
393,0905-10-wzx,0.0,word,1693913789.9512124,1362.0,277.0,5.0,0.0,0.0,10
394,0905-10-wzx,0.0,word,1693913789.983098,1365.9999999999998,278.0,4.123105625617661,0.0,0.0,9
395,0905-10-wzx,0.0,word,1693913790.0155828,1369.0000000000002,278.00000000000006,3.0,0.0,0.0,9
396,0905-10-wzx,0.0,word,1693913790.047473,1370.0,279.0,1.4142135623730951,0.0,0.0,9
397,0905-10-wzx,0.0,word,1693913790.0794425,1371.0,280.0,1.4142135623730951,0.0,0.0,8
399,0905-10-wzx,0.0,word,1693913790.1914334,1410.0,496.0,121.2023102090055,0.0,0.0,4
400,0905-10-wzx,0.0,word,1693913790.2233188,1414.0000000000002,460.99999999999994,35.22782990761707,0.0,0.0,5
401,0905-10-wzx,0.0,word,1693913790.2555895,1418.0,437.99999999999994,23.345235059857504,0.0,0.0,5
402,0905-10-wzx,0.0,word,1693913790.2878532,1421.0000000000002,404.99999999999994,33.13608305156178,0.0,0.0,2
403,0905-10-wzx,0.0,word,1693913790.319003,1425.0000000000002,370.00000000000006,35.22782990761707,0.0,0.0,2
404,0905-10-wzx,0.0,word,1693913790.3511713,1431.0,343.0,27.65863337187866,0.0,0.0,12
405,0905-10-wzx,0.0,word,1693913790.383149,1451.0000000000005,326.0,26.248809496813376,0.0,0.0,26
406,0905-10-wzx,0.0,word,1693913790.4153883,1470.0,314.0,22.47220505424423,0.0,0.0,27
407,0905-10-wzx,0.0,word,1693913790.4476326,1482.0,307.0,13.892443989449804,0.0,0.0,29
408,0905-10-wzx,0.0,word,1693913790.4796035,1488.0000000000002,303.0,7.211102550927978,0.0,0.0,31
409,0905-10-wzx,0.0,word,1693913790.511071,1495.0000000000002,295.0,10.63014581273465,0.0,0.0,30
410,0905-10-wzx,0.0,word,1693913790.5270712,1504.0,290.0,10.295630140987,0.0,0.0,17
411,0905-10-wzx,0.0,word,1693913790.559589,1508.9999999999998,287.0,5.830951894845301,0.0,0.0,14
412,0905-10-wzx,0.0,word,1693913790.5915625,1513.0,286.0,4.123105625617661,0.0,0.0,12
413,0905-10-wzx,0.0,word,1693913790.6235604,1514.9999999999998,284.0,2.8284271247461903,0.0,0.0,9
414,0905-10-wzx,0.0,word,1693913790.6555607,1518.0000000000002,283.0,3.1622776601683795,0.0,0.0,9
415,0905-10-wzx,0.0,word,1693913790.6875894,1518.0,281.99999999999994,1.0,0.0,0.0,9
416,0905-10-wzx,0.0,word,1693913790.7195623,1519.0,281.99999999999994,1.0,0.0,0.0,9
417,0905-10-wzx,0.0,word,1693913790.735596,1497.0000000000002,280.0,22.09072203437452,0.0,0.0,10
418,0905-10-wzx,0.0,word,1693913790.7675617,1269.0,283.99999999999994,228.0350850198276,0.0,0.0,4
419,0905-10-wzx,0.0,word,1693913790.7996273,812.0,315.0,458.0502155877672,0.0,0.0,39
420,0905-10-wzx,0.0,word,1693913790.8311002,552.0,341.00000000000006,261.29676614914314,0.0,0.0,27
421,0905-10-wzx,0.0,word,1693913790.863296,449.0,352.9999999999999,103.69667304209908,0.0,0.0,6
422,0905-10-wzx,0.0,word,1693913790.8956194,402.0,355.0,47.042533945356304,0.0,0.0,12
423,0905-10-wzx,0.0,word,1693913790.9270325,382.00000000000006,349.0,20.8806130178211,0.0,0.0,19
424,0905-10-wzx,0.0,word,1693913790.959056,373.0,352.99999999999994,9.848857801796104,0.0,0.0,18
425,0905-10-wzx,0.0,word,1693913790.9914465,363.0,354.00000000000006,10.04987562112089,0.0,0.0,17
426,0905-10-wzx,0.0,word,1693913791.0074663,356.99999999999994,356.0,6.324555320336759,0.0,0.0,15
427,0905-10-wzx,0.0,word,1693913791.0397947,352.0,355.99999999999994,5.0,0.0,0.0,14
428,0905-10-wzx,0.0,word,1693913791.071767,349.00000000000006,355.99999999999994,3.0,0.0,0.0,14
429,0905-10-wzx,0.0,word,1693913791.103091,346.0,355.0,3.1622776601683795,0.0,0.0,14
430,0905-10-wzx,0.0,word,1693913791.1351178,345.00000000000006,354.99999999999994,1.0,0.0,0.0,14
431,0905-10-wzx,0.0,word,1693913791.1674955,344.00000000000006,353.00000000000006,2.23606797749979,0.0,0.0,14
432,0905-10-wzx,0.0,word,1693913791.199804,348.00000000000006,352.0,4.123105625617661,0.0,0.0,14
433,0905-10-wzx,0.0,word,1693913791.231408,355.99999999999994,349.99999999999994,8.246211251235321,0.0,0.0,15
434,0905-10-wzx,0.0,word,1693913791.263293,361.0,350.00000000000006,5.0,0.0,0.0,15
435,0905-10-wzx,0.0,word,1693913791.2952924,366.0,347.99999999999994,5.385164807134504,0.0,0.0,17
436,0905-10-wzx,0.0,word,1693913791.3113225,374.0000000000001,347.0,8.06225774829855,0.0,0.0,18
437,0905-10-wzx,0.0,word,1693913791.3432922,383.0000000000001,346.0,9.055385138137416,0.0,0.0,19
438,0905-10-wzx,0.0,word,1693913791.3754077,391.99999999999994,344.0,9.219544457292889,0.0,0.0,14
439,0905-10-wzx,0.0,word,1693913791.4076154,400.99999999999994,342.99999999999994,9.055385138137416,0.0,0.0,11
440,0905-10-wzx,0.0,word,1693913791.4396205,407.99999999999994,341.99999999999994,7.071067811865476,0.0,0.0,10
441,0905-10-wzx,0.0,word,1693913791.4710655,413.99999999999994,341.00000000000006,6.082762530298219,0.0,0.0,9
442,0905-10-wzx,0.0,word,1693913791.5032043,426.0,341.0,12.0,0.0,0.0,8
443,0905-10-wzx,0.0,word,1693913791.535565,445.00000000000006,342.0,19.026297590440446,0.0,0.0,6
444,0905-10-wzx,0.0,word,1693913791.5514758,462.0000000000001,343.0,17.029386365926403,0.0,0.0,17
445,0905-10-wzx,0.0,word,1693913791.5829213,475.99999999999994,342.99999999999994,14.0,0.0,0.0,26
446,0905-10-wzx,0.0,word,1693913791.6154654,487.00000000000006,341.00000000000006,11.180339887498947,0.0,0.0,38
447,0905-10-wzx,0.0,word,1693913791.6474922,496.00000000000006,339.0,9.219544457292889,0.0,0.0,45
448,0905-10-wzx,0.0,word,1693913791.6789567,503.0,340.0,7.071067811865476,0.0,0.0,42
449,0905-10-wzx,0.0,word,1693913791.7110412,508.00000000000006,341.0,5.0990195135927845,0.0,0.0,43
450,0905-10-wzx,0.0,word,1693913791.7432268,510.0000000000001,341.00000000000006,2.0,0.0,0.0,43
451,0905-10-wzx,0.0,word,1693913791.7754116,513.0,342.0,3.1622776601683795,0.0,0.0,44
452,0905-10-wzx,0.0,word,1693913791.807363,516.0,341.99999999999994,3.0,0.0,0.0,43
453,0905-10-wzx,0.0,word,1693913791.823754,518.0,342.99999999999994,2.23606797749979,0.0,0.0,40
454,0905-10-wzx,0.0,word,1693913791.855716,518.9999999999999,342.99999999999994,1.0,0.0,0.0,40
455,0905-10-wzx,0.0,word,1693913791.88718,520.0000000000001,344.00000000000006,1.4142135623730951,0.0,0.0,41
456,0905-10-wzx,0.0,word,1693913791.9191709,528.0,343.0,8.06225774829855,0.0,0.0,33
457,0905-10-wzx,0.0,word,1693913791.9517586,544.0000000000001,339.99999999999994,16.278820596099706,0.0,0.0,30
458,0905-10-wzx,0.0,word,1693913791.9837644,560.0,336.99999999999994,16.278820596099706,0.0,0.0,27
459,0905-10-wzx,0.0,word,1693913792.0150578,574.0,334.0,14.317821063276352,0.0,0.0,31
460,0905-10-wzx,0.0,word,1693913792.0472174,586.0000000000001,331.0,12.36931687685298,0.0,0.0,44
461,0905-10-wzx,0.0,word,1693913792.0795186,594.0,329.99999999999994,8.06225774829855,0.0,0.0,46
462,0905-10-wzx,0.0,word,1693913792.095518,600.0000000000002,327.00000000000006,6.708203932499369,0.0,0.0,44
463,0905-10-wzx,0.0,word,1693913792.1270237,604.9999999999999,327.0,5.0,0.0,0.0,47
464,0905-10-wzx,0.0,word,1693913792.1591518,609.0,325.99999999999994,4.123105625617661,0.0,0.0,48
465,0905-10-wzx,0.0,word,1693913792.1914246,612.0000000000001,326.0,3.0,0.0,0.0,48
466,0905-10-wzx,0.0,word,1693913792.223577,615.0,326.0,3.0,0.0,0.0,48
467,0905-10-wzx,0.0,word,1693913792.2557805,616.0000000000001,327.99999999999994,2.23606797749979,0.0,0.0,46
468,0905-10-wzx,0.0,word,1693913792.2878964,617.9999999999999,328.99999999999994,2.23606797749979,0.0,0.0,46
469,0905-10-wzx,0.0,word,1693913792.3194091,619.0,329.99999999999994,1.4142135623730951,0.0,0.0,47
470,0905-10-wzx,0.0,word,1693913792.351699,620.0000000000001,330.0,1.0,0.0,0.0,47
471,0905-10-wzx,0.0,word,1693913792.3677886,621.0,329.00000000000006,1.4142135623730951,0.0,0.0,47
472,0905-10-wzx,0.0,word,1693913792.3993914,622.0,327.99999999999994,1.4142135623730951,0.0,0.0,49
473,0905-10-wzx,0.0,word,1693913792.4315095,622.9999999999999,328.99999999999994,1.4142135623730951,0.0,0.0,48
474,0905-10-wzx,0.0,word,1693913792.463755,627.9999999999999,328.99999999999994,5.0,0.0,0.0,49
475,0905-10-wzx,0.0,word,1693913792.4958923,637.0000000000001,328.00000000000006,9.055385138137416,0.0,0.0,53
476,0905-10-wzx,0.0,word,1693913792.5272715,645.0,327.0,8.06225774829855,0.0,0.0,54
477,0905-10-wzx,0.0,word,1693913792.559347,654.0000000000001,327.0,9.0,0.0,0.0,50
478,0905-10-wzx,0.0,word,1693913792.591433,660.9999999999999,326.0,7.071067811865476,0.0,0.0,39
479,0905-10-wzx,0.0,word,1693913792.6237333,668.0000000000001,324.99999999999994,7.071067811865476,0.0,0.0,32
480,0905-10-wzx,0.0,word,1693913792.6397922,672.9999999999999,323.99999999999994,5.0990195135927845,0.0,0.0,31
481,0905-10-wzx,0.0,word,1693913792.6713798,676.0,323.0,3.1622776601683795,0.0,0.0,31
482,0905-10-wzx,0.0,word,1693913792.704697,679.0,323.0,3.0,0.0,0.0,29
483,0905-10-wzx,0.0,word,1693913792.7357175,678.0,324.0,1.4142135623730951,0.0,0.0,29
484,0905-10-wzx,0.0,word,1693913792.767877,672.9999999999999,325.0,5.0990195135927845,0.0,0.0,31
485,0905-10-wzx,0.0,word,1693913792.7993412,669.9999999999999,326.00000000000006,3.1622776601683795,0.0,0.0,32
486,0905-10-wzx,0.0,word,1693913792.831726,667.0,326.00000000000006,3.0,0.0,0.0,35
487,0905-10-wzx,0.0,word,1693913792.863763,660.9999999999999,326.0,6.0,0.0,0.0,39
488,0905-10-wzx,0.0,word,1693913792.8950474,655.0,325.99999999999994,6.0,0.0,0.0,49
489,0905-10-wzx,0.0,word,1693913792.910941,649.0000000000001,325.99999999999994,6.0,0.0,0.0,54
490,0905-10-wzx,0.0,word,1693913792.9436038,643.0000000000001,327.0,6.082762530298219,0.0,0.0,54
491,0905-10-wzx,0.0,word,1693913792.9758818,637.9999999999999,329.00000000000006,5.385164807134504,0.0,0.0,52
492,0905-10-wzx,0.0,word,1693913793.0079217,632.0,329.99999999999994,6.082762530298219,0.0,0.0,50
493,0905-10-wzx,0.0,word,1693913793.039193,628.0,332.0,4.47213595499958,0.0,0.0,48
494,0905-10-wzx,0.0,word,1693913793.071612,624.0,332.0,4.0,0.0,0.0,48
495,0905-10-wzx,0.0,word,1693913793.103659,621.0000000000002,331.00000000000006,3.1622776601683795,0.0,0.0,47
496,0905-10-wzx,0.0,word,1693913793.1357024,619.0,330.99999999999994,2.0,0.0,0.0,47
497,0905-10-wzx,0.0,word,1693913793.1676362,617.0000000000001,331.00000000000006,2.0,0.0,0.0,48
498,0905-10-wzx,0.0,word,1693913793.18372,615.0000000000001,331.00000000000006,2.0,0.0,0.0,45
499,0905-10-wzx,0.0,word,1693913793.2154355,613.0,331.0,2.0,0.0,0.0,45
500,0905-10-wzx,0.0,word,1693913793.2470157,612.0,331.99999999999994,1.4142135623730951,0.0,0.0,44
501,0905-10-wzx,0.0,word,1693913793.2792284,612.0,331.99999999999994,0.0,0.0,0.0,44
502,0905-10-wzx,0.0,word,1693913793.3116498,612.9999999999999,332.0,1.0,0.0,0.0,44
503,0905-10-wzx,0.0,word,1693913793.3438103,617.0000000000001,331.00000000000006,4.123105625617661,0.0,0.0,48
504,0905-10-wzx,0.0,word,1693913793.3751905,623.9999999999999,331.0,7.0,0.0,0.0,48
505,0905-10-wzx,0.0,word,1693913793.407377,634.0,330.0,10.04987562112089,0.0,0.0,53
506,0905-10-wzx,0.0,word,1693913793.4394011,645.0000000000002,330.00000000000006,11.0,0.0,0.0,52
507,0905-10-wzx,0.0,word,1693913793.4554918,656.0,329.0,11.04536101718726,0.0,0.0,46
508,0905-10-wzx,0.0,word,1693913793.4877222,664.9999999999999,327.9999999999999,9.055385138137416,0.0,0.0,36
509,0905-10-wzx,0.0,word,1693913793.519697,673.0,326.00000000000006,8.246211251235321,0.0,0.0,31
510,0905-10-wzx,0.0,word,1693913793.5520208,680.0000000000001,325.0,7.071067811865476,0.0,0.0,29
511,0905-10-wzx,0.0,word,1693913793.5831935,685.9999999999999,325.0,6.0,0.0,0.0,28
512,0905-10-wzx,0.0,word,1693913793.6154745,689.9999999999999,324.0,4.123105625617661,0.0,0.0,27
513,0905-10-wzx,0.0,word,1693913793.6476345,693.0000000000001,324.00000000000006,3.0,0.0,0.0,28
514,0905-10-wzx,0.0,word,1693913793.6798036,697.0000000000001,324.99999999999994,4.123105625617661,0.0,0.0,25
515,0905-10-wzx,0.0,word,1693913793.7112415,698.9999999999999,324.0,2.23606797749979,0.0,0.0,27
516,0905-10-wzx,0.0,word,1693913793.727271,701.0,323.0,2.23606797749979,0.0,0.0,25
517,0905-10-wzx,0.0,word,1693913793.7595975,709.9999999999999,324.0,9.055385138137416,0.0,0.0,24
518,0905-10-wzx,0.0,word,1693913793.7909243,723.0,322.9999999999999,13.038404810405298,0.0,0.0,18
519,0905-10-wzx,0.0,word,1693913793.8233037,737.0,322.99999999999994,14.0,0.0,0.0,16
520,0905-10-wzx,0.0,word,1693913793.8556108,747.0,322.99999999999994,10.0,0.0,0.0,20
521,0905-10-wzx,0.0,word,1693913793.8877394,756.0,322.99999999999994,9.0,0.0,0.0,24
522,0905-10-wzx,0.0,word,1693913793.9190388,762.0,323.0,6.0,0.0,0.0,32
523,0905-10-wzx,0.0,word,1693913793.9517426,767.0000000000001,322.99999999999994,5.0,0.0,0.0,39
524,0905-10-wzx,0.0,word,1693913793.9678214,770.0,324.0,3.1622776601683795,0.0,0.0,39
525,0905-10-wzx,0.0,word,1693913793.9989417,773.0000000000001,324.0,3.0,0.0,0.0,39
526,0905-10-wzx,0.0,word,1693913794.0314271,775.9999999999999,322.99999999999994,3.1622776601683795,0.0,0.0,41
527,0905-10-wzx,0.0,word,1693913794.0638146,778.0000000000002,324.0,2.23606797749979,0.0,0.0,40
528,0905-10-wzx,0.0,word,1693913794.0952036,781.0,323.99999999999994,3.0,0.0,0.0,40
529,0905-10-wzx,0.0,word,1693913794.127525,783.0,324.99999999999994,2.23606797749979,0.0,0.0,42
530,0905-10-wzx,0.0,word,1693913794.159657,786.0,325.0,3.0,0.0,0.0,43
531,0905-10-wzx,0.0,word,1693913794.1917374,787.0,326.00000000000006,1.4142135623730951,0.0,0.0,42
532,0905-10-wzx,0.0,word,1693913794.3033078,777.9999999999999,342.99999999999994,19.235384061671343,0.0,0.0,39
533,0905-10-wzx,0.0,word,1693913794.3354497,779.0,347.00000000000006,4.123105625617661,0.0,0.0,39
534,0905-10-wzx,0.0,word,1693913794.3670185,781.0000000000001,344.99999999999994,2.8284271247461903,0.0,0.0,38
535,0905-10-wzx,0.0,word,1693913794.3990045,784.0,346.0,3.1622776601683795,0.0,0.0,38
536,0905-10-wzx,0.0,word,1693913794.431301,789.0000000000001,347.0,5.0990195135927845,0.0,0.0,39
537,0905-10-wzx,0.0,word,1693913794.4637442,793.0,347.99999999999994,4.123105625617661,0.0,0.0,39
538,0905-10-wzx,0.0,word,1693913794.495125,798.0000000000002,348.0,5.0,0.0,0.0,39
539,0905-10-wzx,0.0,word,1693913794.527162,799.0000000000002,346.99999999999994,1.4142135623730951,0.0,0.0,39
540,0905-10-wzx,0.0,word,1693913794.5442834,799.0000000000001,345.0,2.0,0.0,0.0,40
541,0905-10-wzx,0.0,word,1693913794.5754287,799.0,344.0,1.0,0.0,0.0,40
542,0905-10-wzx,0.0,word,1693913794.6070018,799.0000000000002,342.99999999999994,1.0,0.0,0.0,40
543,0905-10-wzx,0.0,word,1693913794.639334,799.0000000000001,341.0,2.0,0.0,0.0,41
544,0905-10-wzx,0.0,word,1693913794.6714544,799.0000000000001,339.9999999999999,1.0,0.0,0.0,41
545,0905-10-wzx,0.0,word,1693913794.703338,799.0000000000001,339.0,1.0,0.0,0.0,41
546,0905-10-wzx,0.0,word,1693913794.7358124,800.0,339.0,1.0,0.0,0.0,41
547,0905-10-wzx,0.0,word,1693913794.7674367,800.0,339.0,0.0,0.0,0.0,41
548,0905-10-wzx,0.0,word,1693913794.7834072,800.0000000000001,337.99999999999994,1.0,0.0,0.0,42
549,0905-10-wzx,0.0,word,1693913794.8155978,799.0000000000001,337.0,1.4142135623730951,0.0,0.0,43
550,0905-10-wzx,0.0,word,1693913794.8470378,798.0,336.00000000000006,1.4142135623730951,0.0,0.0,43
551,0905-10-wzx,0.0,word,1693913794.8795185,798.0000000000001,335.0,1.0,0.0,0.0,43
552,0905-10-wzx,0.0,word,1693913794.9117389,797.0000000000001,333.99999999999994,1.4142135623730951,0.0,0.0,43
553,0905-10-wzx,0.0,word,1693913794.9434347,796.0000000000001,333.99999999999994,1.0,0.0,0.0,43
554,0905-10-wzx,0.0,word,1693913794.975435,795.0000000000001,331.99999999999994,2.23606797749979,0.0,0.0,43
555,0905-10-wzx,0.0,word,1693913795.0075817,794.0000000000002,331.0,1.4142135623730951,0.0,0.0,44
556,0905-10-wzx,0.0,word,1693913795.039791,793.0,331.00000000000006,1.0,0.0,0.0,43
557,0905-10-wzx,0.0,word,1693913795.0557773,797.0,331.0,4.0,0.0,0.0,43
558,0905-10-wzx,0.0,word,1693913795.0877664,804.0000000000002,331.0,7.0,0.0,0.0,43
559,0905-10-wzx,0.0,word,1693913795.1191406,813.0,331.0,9.0,0.0,0.0,42
560,0905-10-wzx,0.0,word,1693913795.1511483,823.0,331.00000000000006,10.0,0.0,0.0,37
561,0905-10-wzx,0.0,word,1693913795.1832678,831.0000000000002,330.0,8.06225774829855,0.0,0.0,34
562,0905-10-wzx,0.0,word,1693913795.2153184,839.0000000000001,328.0,8.246211251235321,0.0,0.0,14
563,0905-10-wzx,0.0,word,1693913795.2478433,845.0000000000001,327.0,6.082762530298219,0.0,0.0,13
564,0905-10-wzx,0.0,word,1693913795.2792025,850.0000000000001,326.99999999999994,5.0,0.0,0.0,12
565,0905-10-wzx,0.0,word,1693913795.3113582,853.9999999999999,326.99999999999994,4.0,0.0,0.0,11
566,0905-10-wzx,0.0,word,1693913795.3273711,857.0,326.99999999999994,3.0,0.0,0.0,10
567,0905-10-wzx,0.0,word,1693913795.3597813,869.0000000000002,327.00000000000006,12.0,0.0,0.0,9
568,0905-10-wzx,0.0,word,1693913795.3910575,890.0000000000001,326.0,21.02379604162864,0.0,0.0,6
569,0905-10-wzx,0.0,word,1693913795.4233005,910.9999999999998,324.0,21.095023109728988,0.0,0.0,4
570,0905-10-wzx,0.0,word,1693913795.4553015,927.0,323.00000000000006,16.0312195418814,0.0,0.0,7
571,0905-10-wzx,0.0,word,1693913795.4873843,940.0000000000001,324.0,13.038404810405298,0.0,0.0,12
572,0905-10-wzx,0.0,word,1693913795.519558,949.0,325.0,9.055385138137416,0.0,0.0,14
573,0905-10-wzx,0.0,word,1693913795.551864,957.0,326.0,8.06225774829855,0.0,0.0,13
574,0905-10-wzx,0.0,word,1693913795.583033,961.9999999999998,326.0,5.0,0.0,0.0,14
575,0905-10-wzx,0.0,word,1693913795.6155212,966.0,326.0,4.0,0.0,0.0,14
576,0905-10-wzx,0.0,word,1693913795.6317947,968.9999999999999,326.0,3.0,0.0,0.0,13
577,0905-10-wzx,0.0,word,1693913795.6629405,972.0000000000001,327.00000000000006,3.1622776601683795,0.0,0.0,14
578,0905-10-wzx,0.0,word,1693913795.6955118,974.0,328.0,2.23606797749979,0.0,0.0,14
579,0905-10-wzx,0.0,word,1693913795.7275107,975.0000000000002,328.00000000000006,1.0,0.0,0.0,14
580,0905-10-wzx,0.0,word,1693913795.7596304,976.0,329.0,1.4142135623730951,0.0,0.0,14
581,0905-10-wzx,0.0,word,1693913795.791001,978.0000000000001,329.0,2.0,0.0,0.0,14
582,0905-10-wzx,0.0,word,1693913795.8235364,980.0,329.00000000000006,2.0,0.0,0.0,13
583,0905-10-wzx,0.0,word,1693913795.855695,987.9999999999997,329.99999999999994,8.06225774829855,0.0,0.0,14
584,0905-10-wzx,0.0,word,1693913795.8715804,999.9999999999998,330.0,12.0,0.0,0.0,18
585,0905-10-wzx,0.0,word,1693913795.9030378,1010.9999999999999,329.99999999999994,11.0,0.0,0.0,16
586,0905-10-wzx,0.0,word,1693913795.935351,1021.0000000000001,330.00000000000006,10.0,0.0,0.0,11
587,0905-10-wzx,0.0,word,1693913795.9686646,1029.9999999999998,329.0,9.055385138137416,0.0,0.0,10
588,0905-10-wzx,0.0,word,1693913795.998912,1037.9999999999998,329.99999999999994,8.06225774829855,0.0,0.0,11
589,0905-10-wzx,0.0,word,1693913796.0314088,1055.0,331.0,17.029386365926403,0.0,0.0,10
590,0905-10-wzx,0.0,word,1693913796.0637877,1077.9999999999998,332.0,23.021728866442675,0.0,0.0,3
591,0905-10-wzx,0.0,word,1693913796.095955,1096.9999999999998,333.99999999999994,19.1049731745428,0.0,0.0,4
592,0905-10-wzx,0.0,word,1693913796.126956,1111.9999999999995,335.0,15.033296378372908,0.0,0.0,9
593,0905-10-wzx,0.0,word,1693913796.142994,1123.9999999999998,334.99999999999994,12.0,0.0,0.0,9
594,0905-10-wzx,0.0,word,1693913796.1751597,1134.0,336.0,10.04987562112089,0.0,0.0,9
595,0905-10-wzx,0.0,word,1693913796.207274,1140.0,335.0,6.082762530298219,0.0,0.0,9
596,0905-10-wzx,0.0,word,1693913796.2393398,1145.0,333.9999999999999,5.0990195135927845,0.0,0.0,9
597,0905-10-wzx,0.0,word,1693913796.2718678,1147.0,333.0,2.23606797749979,0.0,0.0,9
598,0905-10-wzx,0.0,word,1693913796.303301,1149.0,332.99999999999994,2.0,0.0,0.0,9
599,0905-10-wzx,0.0,word,1693913796.335507,1151.0000000000002,332.99999999999994,2.0,0.0,0.0,9
600,0905-10-wzx,0.0,word,1693913796.3675036,1152.0,333.0,1.0,0.0,0.0,8
601,0905-10-wzx,0.0,word,1693913796.3995366,1175.0,331.00000000000006,23.08679276123039,0.0,0.0,7
602,0905-10-wzx,0.0,word,1693913796.4150908,1224.0000000000002,330.0,49.01020301937138,0.0,0.0,1
603,0905-10-wzx,0.0,word,1693913796.447399,1269.0000000000002,331.00000000000006,45.0111097397076,0.0,0.0,1
604,0905-10-wzx,0.0,word,1693913796.4795406,1299.0,335.0,30.265491900843116,0.0,0.0,3
605,0905-10-wzx,0.0,word,1693913796.5115368,1321.0000000000005,337.99999999999994,22.20360331117452,0.0,0.0,18
606,0905-10-wzx,0.0,word,1693913796.5435593,1336.0,337.0,15.033296378372908,0.0,0.0,20
607,0905-10-wzx,0.0,word,1693913796.5757294,1346.0000000000005,337.0,10.0,0.0,0.0,20
608,0905-10-wzx,0.0,word,1693913796.6079717,1357.0000000000002,334.9999999999999,11.180339887498947,0.0,0.0,21
609,0905-10-wzx,0.0,word,1693913796.639513,1361.0000000000002,333.0,4.47213595499958,0.0,0.0,21
610,0905-10-wzx,0.0,word,1693913796.671621,1360.0000000000005,331.0,2.23606797749979,0.0,0.0,22
611,0905-10-wzx,0.0,word,1693913796.687717,1357.9999999999998,330.0,2.23606797749979,0.0,0.0,21
612,0905-10-wzx,0.0,word,1693913796.71895,1357.0000000000002,329.0,1.4142135623730951,0.0,0.0,21
613,0905-10-wzx,0.0,word,1693913796.7511425,1356.9999999999998,327.9999999999999,1.0,0.0,0.0,21
614,0905-10-wzx,0.0,word,1693913796.7837443,1356.9999999999998,327.9999999999999,0.0,0.0,0.0,21
615,0905-10-wzx,0.0,word,1693913796.815931,1357.0000000000002,327.0,1.0,0.0,0.0,21
616,0905-10-wzx,0.0,word,1693913796.8472655,1356.0,327.99999999999994,1.4142135623730951,0.0,0.0,21
617,0905-10-wzx,0.0,word,1693913796.8796165,1356.0,327.99999999999994,0.0,0.0,0.0,21
618,0905-10-wzx,0.0,word,1693913796.9109533,1355.0000000000002,327.0,1.4142135623730951,0.0,0.0,21
619,0905-10-wzx,0.0,word,1693913796.9430046,1355.0000000000002,327.0,0.0,0.0,0.0,21
620,0905-10-wzx,0.0,word,1693913796.9594457,1355.0000000000002,327.0,0.0,0.0,0.0,21
621,0905-10-wzx,0.0,word,1693913796.9914231,1355.0000000000002,327.0,0.0,0.0,0.0,21
622,0905-10-wzx,0.0,word,1693913797.023451,1355.0000000000002,327.0,0.0,0.0,0.0,21
623,0905-10-wzx,0.0,word,1693913797.0556796,1357.0000000000002,327.0,2.0,0.0,0.0,21
624,0905-10-wzx,0.0,word,1693913797.0876153,1365.0000000000005,327.0,8.0,0.0,0.0,21
625,0905-10-wzx,0.0,word,1693913797.1196444,1376.0,327.0,11.0,0.0,0.0,21
626,0905-10-wzx,0.0,word,1693913797.151795,1388.0000000000002,327.0,12.0,0.0,0.0,22
627,0905-10-wzx,0.0,word,1693913797.1841352,1399.0000000000002,327.99999999999994,11.04536101718726,0.0,0.0,12
628,0905-10-wzx,0.0,word,1693913797.215431,1409.0,328.99999999999994,10.04987562112089,0.0,0.0,10
629,0905-10-wzx,0.0,word,1693913797.231469,1417.0000000000002,328.0,8.06225774829855,0.0,0.0,11
630,0905-10-wzx,0.0,word,1693913797.263769,1424.0,328.99999999999994,7.071067811865476,0.0,0.0,11
631,0905-10-wzx,0.0,word,1693913797.2952044,1429.0000000000002,329.0,5.0,0.0,0.0,11
632,0905-10-wzx,0.0,word,1693913797.3271985,1433.0000000000005,329.0,4.0,0.0,0.0,16
633,0905-10-wzx,0.0,word,1693913797.3593874,1436.0,329.0,3.0,0.0,0.0,19
634,0905-10-wzx,0.0,word,1693913797.3917549,1440.0000000000002,328.0,4.123105625617661,0.0,0.0,22
635,0905-10-wzx,0.0,word,1693913797.4238942,1452.0000000000002,326.99999999999994,12.041594578792296,0.0,0.0,26
636,0905-10-wzx,0.0,word,1693913797.455053,1465.0000000000002,325.0,13.152946437965904,0.0,0.0,27
637,0905-10-wzx,0.0,word,1693913797.4875684,1476.0,324.0,11.04536101718726,0.0,0.0,25
638,0905-10-wzx,0.0,word,1693913797.5194802,1485.0,323.99999999999994,9.0,0.0,0.0,26
639,0905-10-wzx,0.0,word,1693913797.5354545,1484.0,323.99999999999994,1.0,0.0,0.0,26
640,0905-10-wzx,0.0,word,1693913797.5676458,1480.0000000000002,322.99999999999994,4.123105625617661,0.0,0.0,25
641,0905-10-wzx,0.0,word,1693913797.5991292,1477.0000000000002,322.99999999999994,3.0,0.0,0.0,25
642,0905-10-wzx,0.0,word,1693913797.631315,1476.0000000000005,322.99999999999994,1.0,0.0,0.0,25
643,0905-10-wzx,0.0,word,1693913797.663699,1473.9999999999998,322.0,2.23606797749979,0.0,0.0,26
644,0905-10-wzx,0.0,word,1693913797.6960146,1473.9999999999998,322.0,0.0,0.0,0.0,26
645,0905-10-wzx,0.0,word,1693913797.7270515,1473.0,322.0,1.0,0.0,0.0,26
646,0905-10-wzx,0.0,word,1693913797.759405,1472.0,322.0,1.0,0.0,0.0,27
647,0905-10-wzx,0.0,word,1693913797.77538,1471.0000000000002,322.0,1.0,0.0,0.0,27
648,0905-10-wzx,0.0,word,1693913797.807738,1470.0000000000002,322.00000000000006,1.0,0.0,0.0,27
649,0905-10-wzx,0.0,word,1693913797.8389385,1471.0000000000002,322.0,1.0,0.0,0.0,27
650,0905-10-wzx,0.0,word,1693913797.871242,1476.0,324.0,5.385164807134504,0.0,0.0,25
651,0905-10-wzx,0.0,word,1693913797.903411,1485.0,323.99999999999994,9.0,0.0,0.0,26
652,0905-10-wzx,0.0,word,1693913797.9355755,1496.0,324.0,11.0,0.0,0.0,25
653,0905-10-wzx,0.0,word,1693913797.9675753,1507.0,324.0,11.0,0.0,0.0,25
654,0905-10-wzx,0.0,word,1693913797.9995556,1516.9999999999998,324.0,10.0,0.0,0.0,13
655,0905-10-wzx,0.0,word,1693913798.0156677,1497.0000000000002,322.99999999999994,20.024984394500787,0.0,0.0,25
656,0905-10-wzx,0.0,word,1693913798.0476756,1192.0,335.99999999999994,305.2769234645816,0.0,0.0,2
657,0905-10-wzx,0.0,word,1693913798.0797243,729.0,372.0,464.3974590800428,0.0,0.0,10
658,0905-10-wzx,0.0,word,1693913798.1117609,488.0,387.0,241.46635376383188,0.0,0.0,0
659,0905-10-wzx,0.0,word,1693913798.1436045,388.0,391.99999999999994,100.12492197250393,0.0,0.0,14
660,0905-10-wzx,0.0,word,1693913798.1756766,353.00000000000006,396.99999999999994,35.35533905932738,0.0,0.0,12
661,0905-10-wzx,0.0,word,1693913798.2073631,338.00000000000006,399.0,15.132745950421556,0.0,0.0,11
662,0905-10-wzx,0.0,word,1693913798.239689,330.99999999999994,401.9999999999999,7.615773105863909,0.0,0.0,11
663,0905-10-wzx,0.0,word,1693913798.271851,326.0,404.00000000000006,5.385164807134504,0.0,0.0,11
664,0905-10-wzx,0.0,word,1693913798.3032792,325.00000000000006,404.0,1.0,0.0,0.0,11
665,0905-10-wzx,0.0,word,1693913798.3191752,326.00000000000006,404.99999999999994,1.4142135623730951,0.0,0.0,11
666,0905-10-wzx,0.0,word,1693913798.3511934,326.00000000000006,406.99999999999994,2.0,0.0,0.0,11
667,0905-10-wzx,0.0,word,1693913798.383325,324.00000000000006,406.0,2.23606797749979,0.0,0.0,11
668,0905-10-wzx,0.0,word,1693913798.4159007,334.0000000000001,401.00000000000006,11.180339887498947,0.0,0.0,11
669,0905-10-wzx,0.0,word,1693913798.4470868,345.0,398.00000000000006,11.40175425099138,0.0,0.0,11
670,0905-10-wzx,0.0,word,1693913798.4791484,351.00000000000006,396.99999999999994,6.082762530298219,0.0,0.0,12
671,0905-10-wzx,0.0,word,1693913798.51148,357.00000000000006,396.99999999999994,6.0,0.0,0.0,13
675,0905-10-wzx,0.0,word,1693913798.7192702,351.00000000000017,522.0,187.84035775093705,0.0,0.0,7
676,0905-10-wzx,0.0,word,1693913798.751512,378.00000000000006,448.0,78.77182237323191,0.0,0.0,13
677,0905-10-wzx,0.0,word,1693913798.7829373,388.99999999999994,421.9999999999999,28.231188426986208,0.0,0.0,14
678,0905-10-wzx,0.0,word,1693913798.8151965,394.0,411.9999999999999,11.180339887498947,0.0,0.0,15
679,0905-10-wzx,0.0,word,1693913798.8312302,395.00000000000006,411.0,1.4142135623730951,0.0,0.0,13
680,0905-10-wzx,0.0,word,1693913798.8634734,395.00000000000006,411.9999999999999,1.0,0.0,0.0,14
681,0905-10-wzx,0.0,word,1693913798.8956318,395.0,417.99999999999983,6.0,0.0,0.0,14
682,0905-10-wzx,0.0,word,1693913798.9275975,396.0,420.9999999999999,3.1622776601683795,0.0,0.0,14
683,0905-10-wzx,0.0,word,1693913798.9596803,399.99999999999994,426.99999999999983,7.211102550927978,0.0,0.0,14
684,0905-10-wzx,0.0,word,1693913798.9918463,400.0000000000001,427.99999999999983,1.0,0.0,0.0,14
685,0905-10-wzx,0.0,word,1693913799.0231843,399.99999999999994,428.9999999999999,1.0,0.0,0.0,14
686,0905-10-wzx,0.0,word,1693913799.0553162,399.0000000000001,430.00000000000006,1.4142135623730951,0.0,0.0,14
687,0905-10-wzx,0.0,word,1693913799.0873752,399.0,432.99999999999994,3.0,0.0,0.0,13
688,0905-10-wzx,0.0,word,1693913799.1197927,398.0000000000001,436.99999999999994,4.123105625617661,0.0,0.0,13
689,0905-10-wzx,0.0,word,1693913799.1512122,396.0,441.99999999999994,5.385164807134504,0.0,0.0,13
690,0905-10-wzx,0.0,word,1693913799.1672146,354.0,474.99999999999994,53.41348144429457,0.0,0.0,1
691,0905-10-wzx,0.0,word,1693913799.743575,464.0,504.99999999999994,114.0175425099138,0.0,0.0,5
692,0905-10-wzx,0.0,word,1693913799.7755067,506.0000000000001,447.00000000000006,71.61005515987263,0.0,0.0,12
693,0905-10-wzx,0.0,word,1693913799.8075554,530.0000000000001,436.99999999999994,26.0,0.0,0.0,7
694,0905-10-wzx,0.0,word,1693913799.8397338,553.0,426.99999999999994,25.079872407968907,0.0,0.0,6
695,0905-10-wzx,0.0,word,1693913799.8722007,573.9999999999999,421.0,21.840329667841555,0.0,0.0,7
696,0905-10-wzx,0.0,word,1693913799.887483,589.0,414.0,16.55294535724685,0.0,0.0,10
697,0905-10-wzx,0.0,word,1693913799.9196787,602.0000000000001,405.0,15.811388300841896,0.0,0.0,10
698,0905-10-wzx,0.0,word,1693913799.95109,610.0,401.0,8.94427190999916,0.0,0.0,10
699,0905-10-wzx,0.0,word,1693913799.9831803,617.0000000000001,401.99999999999994,7.071067811865476,0.0,0.0,12
700,0905-10-wzx,0.0,word,1693913800.0155735,621.9999999999999,401.9999999999998,5.0,0.0,0.0,11
701,0905-10-wzx,0.0,word,1693913800.0470493,626.0,405.00000000000006,5.0,0.0,0.0,9
702,0905-10-wzx,0.0,word,1693913800.0792613,630.0,405.99999999999994,4.123105625617661,0.0,0.0,9
703,0905-10-wzx,0.0,word,1693913800.1114116,637.0,405.0,7.071067811865476,0.0,0.0,10
704,0905-10-wzx,0.0,word,1693913800.1435788,653.0,404.99999999999994,16.0,0.0,0.0,13
705,0905-10-wzx,0.0,word,1693913800.1759634,669.0000000000001,407.99999999999994,16.278820596099706,0.0,0.0,13
706,0905-10-wzx,0.0,word,1693913800.191926,684.0000000000001,408.99999999999994,15.033296378372908,0.0,0.0,14
707,0905-10-wzx,0.0,word,1693913800.2233317,696.0000000000001,410.0,12.041594578792296,0.0,0.0,18
708,0905-10-wzx,0.0,word,1693913800.255568,705.0,409.99999999999983,9.0,0.0,0.0,18
709,0905-10-wzx,0.0,word,1693913800.2874691,712.0000000000001,409.00000000000006,7.071067811865476,0.0,0.0,16
710,0905-10-wzx,0.0,word,1693913800.3194757,717.0,409.0,5.0,0.0,0.0,15
711,0905-10-wzx,0.0,word,1693913800.3516228,721.0000000000001,409.00000000000006,4.0,0.0,0.0,15
712,0905-10-wzx,0.0,word,1693913800.3839016,724.0000000000002,409.00000000000017,3.0,0.0,0.0,15
713,0905-10-wzx,0.0,word,1693913800.4149747,727.0,409.0,3.0,0.0,0.0,13
714,0905-10-wzx,0.0,word,1693913800.4473455,729.0,408.99999999999994,2.0,0.0,0.0,13
715,0905-10-wzx,0.0,word,1693913800.463383,730.0,407.99999999999994,1.4142135623730951,0.0,0.0,12
716,0905-10-wzx,0.0,word,1693913800.4957092,730.0,407.99999999999994,0.0,0.0,0.0,12
717,0905-10-wzx,0.0,word,1693913800.5278563,731.0000000000002,407.9999999999999,1.0,0.0,0.0,12
718,0905-10-wzx,0.0,word,1693913800.559188,744.0,407.9999999999999,13.0,0.0,0.0,12
719,0905-10-wzx,0.0,word,1693913800.5912125,777.0000000000001,410.9999999999999,33.13608305156178,0.0,0.0,3
720,0905-10-wzx,0.0,word,1693913800.6235151,810.0,409.99999999999994,33.015148038438355,0.0,0.0,4
721,0905-10-wzx,0.0,word,1693913800.6554315,836.9999999999999,407.9999999999999,27.073972741361768,0.0,0.0,7
722,0905-10-wzx,0.0,word,1693913800.6874287,857.0,407.9999999999999,20.0,0.0,0.0,17
723,0905-10-wzx,0.0,word,1693913800.7189963,871.0000000000002,405.00000000000006,14.317821063276352,0.0,0.0,25
724,0905-10-wzx,0.0,word,1693913800.7355163,880.9999999999999,401.9999999999999,10.44030650891055,0.0,0.0,27
725,0905-10-wzx,0.0,word,1693913800.7676015,889.0,399.99999999999994,8.246211251235321,0.0,0.0,24
726,0905-10-wzx,0.0,word,1693913800.7989917,895.0,400.99999999999994,6.082762530298219,0.0,0.0,24
727,0905-10-wzx,0.0,word,1693913800.8311367,900.0,400.99999999999994,5.0,0.0,0.0,20
728,0905-10-wzx,0.0,word,1693913800.863673,904.0000000000001,400.99999999999994,4.0,0.0,0.0,21
729,0905-10-wzx,0.0,word,1693913800.895012,906.0000000000001,400.00000000000006,2.23606797749979,0.0,0.0,19
730,0905-10-wzx,0.0,word,1693913800.927287,908.0000000000001,400.0,2.0,0.0,0.0,19
731,0905-10-wzx,0.0,word,1693913800.9596407,915.0,399.99999999999994,7.0,0.0,0.0,17
732,0905-10-wzx,0.0,word,1693913800.9916694,928.9999999999999,398.99999999999994,14.0356688476182,0.0,0.0,14
733,0905-10-wzx,0.0,word,1693913801.0077353,943.0000000000001,398.00000000000006,14.0356688476182,0.0,0.0,11
734,0905-10-wzx,0.0,word,1693913801.039777,955.0000000000002,396.0,12.16552506059644,0.0,0.0,8
735,0905-10-wzx,0.0,word,1693913801.0718057,964.9999999999999,395.9999999999999,10.0,0.0,0.0,8
736,0905-10-wzx,0.0,word,1693913801.1030204,973.0000000000001,396.0,8.0,0.0,0.0,8
737,0905-10-wzx,0.0,word,1693913801.1352575,978.0,396.99999999999994,5.0990195135927845,0.0,0.0,8
738,0905-10-wzx,0.0,word,1693913801.1676176,982.0,396.99999999999994,4.0,0.0,0.0,8
739,0905-10-wzx,0.0,word,1693913801.199658,986.0,398.0,4.123105625617661,0.0,0.0,7
740,0905-10-wzx,0.0,word,1693913801.2318563,1009.0000000000001,399.00000000000006,23.021728866442675,0.0,0.0,4
741,0905-10-wzx,0.0,word,1693913801.2478352,1054.0,400.0,45.0111097397076,0.0,0.0,3
742,0905-10-wzx,0.0,word,1693913801.2791758,1095.0,399.00000000000006,41.01219330881976,0.0,0.0,2
743,0905-10-wzx,0.0,word,1693913801.311178,1123.9999999999998,400.0,29.017236257093817,0.0,0.0,5
744,0905-10-wzx,0.0,word,1693913801.343439,1147.0,399.9999999999999,23.0,0.0,0.0,5
745,0905-10-wzx,0.0,word,1693913801.3754346,1162.9999999999998,400.99999999999994,16.0312195418814,0.0,0.0,5
746,0905-10-wzx,0.0,word,1693913801.4073508,1175.0,400.99999999999994,12.0,0.0,0.0,4
747,0905-10-wzx,0.0,word,1693913801.439681,1203.0,399.0,28.0713376952364,0.0,0.0,3
748,0905-10-wzx,0.0,word,1693913801.4718378,1240.0000000000002,399.99999999999994,37.01351104664349,0.0,0.0,2
749,0905-10-wzx,0.0,word,1693913801.50323,1265.0,404.00000000000006,25.317977802344327,0.0,0.0,4
750,0905-10-wzx,0.0,word,1693913801.535551,1282.0000000000002,406.0,17.11724276862369,0.0,0.0,8
751,0905-10-wzx,0.0,word,1693913801.551462,1295.0,406.99999999999994,13.038404810405298,0.0,0.0,18
752,0905-10-wzx,0.0,word,1693913801.5837271,1302.9999999999998,404.99999999999994,8.246211251235321,0.0,0.0,18
753,0905-10-wzx,0.0,word,1693913801.615778,1309.0,401.99999999999994,6.708203932499369,0.0,0.0,17
754,0905-10-wzx,0.0,word,1693913801.6469176,1314.0000000000005,403.0,5.0990195135927845,0.0,0.0,17
755,0905-10-wzx,0.0,word,1693913801.6791203,1318.0,402.99999999999994,4.0,0.0,0.0,17
756,0905-10-wzx,0.0,word,1693913801.711117,1320.0,403.0,2.0,0.0,0.0,17
757,0905-10-wzx,0.0,word,1693913801.7432015,1322.9999999999995,400.99999999999983,3.605551275463989,0.0,0.0,16
758,0905-10-wzx,0.0,word,1693913801.7752116,1324.0000000000002,400.0,1.4142135623730951,0.0,0.0,16
759,0905-10-wzx,0.0,word,1693913801.8072789,1325.0000000000002,399.00000000000006,1.4142135623730951,0.0,0.0,16
760,0905-10-wzx,0.0,word,1693913801.823315,1326.0,399.0,1.0,0.0,0.0,16
761,0905-10-wzx,0.0,word,1693913801.8556385,1328.0000000000002,399.0,2.0,0.0,0.0,16
762,0905-10-wzx,0.0,word,1693913801.8870952,1328.0,397.99999999999994,1.0,0.0,0.0,16
763,0905-10-wzx,0.0,word,1693913801.919292,1329.0000000000002,396.9999999999999,1.4142135623730951,0.0,0.0,16
764,0905-10-wzx,0.0,word,1693913801.9517567,1329.9999999999998,395.99999999999994,1.4142135623730951,0.0,0.0,16
765,0905-10-wzx,0.0,word,1693913801.983317,1330.0000000000005,394.0,2.0,0.0,0.0,16
766,0905-10-wzx,0.0,word,1693913802.015352,1330.0000000000005,394.0,0.0,0.0,0.0,16
767,0905-10-wzx,0.0,word,1693913802.0474696,1316.0000000000002,393.00000000000006,14.0356688476182,0.0,0.0,17
768,0905-10-wzx,0.0,word,1693913802.0634682,1166.0000000000002,402.99999999999994,150.33296378372907,0.0,0.0,5
769,0905-10-wzx,0.0,word,1693913802.0963511,912.0,431.0,255.5386467836128,0.0,0.0,23
770,0905-10-wzx,0.0,word,1693913802.1283514,748.0,447.9999999999999,164.87874332369228,0.0,0.0,0
771,0905-10-wzx,0.0,word,1693913802.1597955,664.0000000000001,454.00000000000006,84.2140130857092,0.0,0.0,1
772,0905-10-wzx,0.0,word,1693913802.1911695,622.0000000000001,458.0,42.190046219457976,0.0,0.0,1
773,0905-10-wzx,0.0,word,1693913802.2235217,567.0,456.99999999999994,55.00909015790027,0.0,0.0,5
774,0905-10-wzx,0.0,word,1693913802.255445,520.0000000000001,458.0,47.01063709417264,0.0,0.0,9
775,0905-10-wzx,0.0,word,1693913802.2877762,492.0,456.99999999999994,28.0178514522438,0.0,0.0,14
776,0905-10-wzx,0.0,word,1693913802.3191009,477.9999999999999,456.9999999999999,14.0,0.0,0.0,13
777,0905-10-wzx,0.0,word,1693913802.351614,469.0,459.00000000000006,9.219544457292889,0.0,0.0,12
778,0905-10-wzx,0.0,word,1693913802.367699,464.0,461.99999999999994,5.830951894845301,0.0,0.0,11
779,0905-10-wzx,0.0,word,1693913802.399212,460.00000000000006,461.0,4.123105625617661,0.0,0.0,10
780,0905-10-wzx,0.0,word,1693913802.4313655,459.0,460.99999999999994,1.0,0.0,0.0,10
781,0905-10-wzx,0.0,word,1693913802.4635267,470.0000000000001,457.99999999999994,11.40175425099138,0.0,0.0,12
782,0905-10-wzx,0.0,word,1693913802.4957006,479.99999999999994,455.9999999999999,10.198039027185567,0.0,0.0,13
783,0905-10-wzx,0.0,word,1693913802.5269802,484.00000000000006,455.99999999999994,4.0,0.0,0.0,14
784,0905-10-wzx,0.0,word,1693913802.5593538,488.00000000000017,455.00000000000006,4.123105625617661,0.0,0.0,14
785,0905-10-wzx,0.0,word,1693913802.5913532,493.00000000000017,454.99999999999994,5.0,0.0,0.0,14
786,0905-10-wzx,0.0,word,1693913802.6078136,500.00000000000006,454.00000000000006,7.071067811865476,0.0,0.0,13
787,0905-10-wzx,0.0,word,1693913802.6397288,514.0000000000001,452.99999999999994,14.0356688476182,0.0,0.0,11
788,0905-10-wzx,0.0,word,1693913802.6711924,592.9999999999999,448.99999999999994,79.1012010022604,0.0,0.0,4
789,0905-10-wzx,0.0,word,1693913802.7036295,703.0,442.0,110.22250223978769,0.0,0.0,8
790,0905-10-wzx,0.0,word,1693913802.7357671,787.0,439.0,84.0535543567314,0.0,0.0,2
791,0905-10-wzx,0.0,word,1693913802.7679732,837.0,436.0,50.08991914547278,0.0,0.0,12
792,0905-10-wzx,0.0,word,1693913802.799176,867.0000000000001,434.99999999999994,30.01666203960727,0.0,0.0,22
793,0905-10-wzx,0.0,word,1693913802.8313456,887.0,435.99999999999983,20.024984394500787,0.0,0.0,26
794,0905-10-wzx,0.0,word,1693913802.863037,898.0,435.00000000000006,11.04536101718726,0.0,0.0,29
795,0905-10-wzx,0.0,word,1693913802.895345,904.9999999999999,432.99999999999994,7.280109889280518,0.0,0.0,27
796,0905-10-wzx,0.0,word,1693913802.911232,903.9999999999999,432.99999999999994,1.0,0.0,0.0,27
797,0905-10-wzx,0.0,word,1693913802.9432387,892.0000000000001,434.00000000000006,12.041594578792296,0.0,0.0,29
798,0905-10-wzx,0.0,word,1693913802.9755523,884.0,435.0,8.06225774829855,0.0,0.0,27
799,0905-10-wzx,0.0,word,1693913803.0075328,879.0,436.0,5.0990195135927845,0.0,0.0,25
800,0905-10-wzx,0.0,word,1693913803.0395362,877.0,435.99999999999994,2.0,0.0,0.0,26
801,0905-10-wzx,0.0,word,1693913803.0715566,875.0000000000001,436.0,2.0,0.0,0.0,25
802,0905-10-wzx,0.0,word,1693913803.1029737,872.0,436.99999999999994,3.1622776601683795,0.0,0.0,23
803,0905-10-wzx,0.0,word,1693913803.1349812,869.0,436.9999999999999,3.0,0.0,0.0,22
804,0905-10-wzx,0.0,word,1693913803.1511655,865.9999999999998,436.99999999999994,3.0,0.0,0.0,22
805,0905-10-wzx,0.0,word,1693913803.1834693,862.9999999999999,437.99999999999994,3.1622776601683795,0.0,0.0,19
806,0905-10-wzx,0.0,word,1693913803.2158904,859.9999999999999,436.99999999999994,3.1622776601683795,0.0,0.0,19
807,0905-10-wzx,0.0,word,1693913803.2482529,863.0,436.99999999999994,3.0,0.0,0.0,20
808,0905-10-wzx,0.0,word,1693913803.279522,883.0,439.0,20.09975124224178,0.0,0.0,24
809,0905-10-wzx,0.0,word,1693913803.311726,940.0,443.99999999999994,57.21887800367987,0.0,0.0,6
810,0905-10-wzx,0.0,word,1693913803.3433,997.9999999999999,447.99999999999983,58.137767414994535,0.0,0.0,12
811,0905-10-wzx,0.0,word,1693913803.3752987,1044.0000000000002,448.99999999999994,46.01086828130936,0.0,0.0,29
812,0905-10-wzx,0.0,word,1693913803.4073398,1076.0000000000002,446.99999999999994,32.0624390837628,0.0,0.0,28
813,0905-10-wzx,0.0,word,1693913803.4235632,1098.0,448.0,22.02271554554524,0.0,0.0,22
814,0905-10-wzx,0.0,word,1693913803.455744,1112.0,448.00000000000006,14.0,0.0,0.0,17
815,0905-10-wzx,0.0,word,1693913803.487121,1122.0,447.99999999999994,10.0,0.0,0.0,14
816,0905-10-wzx,0.0,word,1693913803.519169,1126.9999999999998,449.99999999999994,5.385164807134504,0.0,0.0,13
817,0905-10-wzx,0.0,word,1693913803.5515115,1133.0,453.0,6.708203932499369,0.0,0.0,13
818,0905-10-wzx,0.0,word,1693913803.5837493,1140.0,454.99999999999994,7.280109889280518,0.0,0.0,11
819,0905-10-wzx,0.0,word,1693913803.6159017,1170.0,456.00000000000006,30.01666203960727,0.0,0.0,6
820,0905-10-wzx,0.0,word,1693913803.6472075,1208.0,455.0,38.01315561749642,0.0,0.0,9
821,0905-10-wzx,0.0,word,1693913803.679261,1233.0,456.99999999999994,25.079872407968907,0.0,0.0,9
822,0905-10-wzx,0.0,word,1693913803.6952603,1254.0000000000002,459.00000000000017,21.095023109728988,0.0,0.0,10
823,0905-10-wzx,0.0,word,1693913803.7272604,1269.9999999999998,458.99999999999994,16.0,0.0,0.0,13
824,0905-10-wzx,0.0,word,1693913803.7594466,1280.0,458.99999999999994,10.0,0.0,0.0,14
825,0905-10-wzx,0.0,word,1693913803.7916355,1289.0000000000002,457.99999999999994,9.055385138137416,0.0,0.0,14
826,0905-10-wzx,0.0,word,1693913803.8229997,1279.0000000000002,458.99999999999994,10.04987562112089,0.0,0.0,13
827,0905-10-wzx,0.0,word,1693913803.8552682,1263.9999999999998,457.9999999999999,15.033296378372908,0.0,0.0,12
828,0905-10-wzx,0.0,word,1693913803.8875968,1235.0000000000002,457.99999999999994,29.0,0.0,0.0,9
829,0905-10-wzx,0.0,word,1693913803.91966,1191.0,454.00000000000006,44.181444068749045,0.0,0.0,6
830,0905-10-wzx,0.0,word,1693913803.9511302,1143.9999999999998,450.9999999999999,47.09564735726647,0.0,0.0,10
831,0905-10-wzx,0.0,word,1693913803.9672737,1108.9999999999998,447.99999999999994,35.12833614050059,0.0,0.0,18
832,0905-10-wzx,0.0,word,1693913803.9998696,1084.0000000000002,446.99999999999994,25.019992006393608,0.0,0.0,25
833,0905-10-wzx,0.0,word,1693913804.0310383,1065.9999999999998,445.0,18.110770276274835,0.0,0.0,26
834,0905-10-wzx,0.0,word,1693913804.0631597,1053.0,444.0000000000001,13.038404810405298,0.0,0.0,27
835,0905-10-wzx,0.0,word,1693913804.0955958,1044.0,443.99999999999994,9.0,0.0,0.0,28
836,0905-10-wzx,0.0,word,1693913804.127597,1033.0000000000002,447.0,11.40175425099138,0.0,0.0,29
837,0905-10-wzx,0.0,word,1693913804.1595068,1019.9999999999999,446.0,13.038404810405298,0.0,0.0,21
838,0905-10-wzx,0.0,word,1693913804.191748,1011.0,445.0,9.055385138137416,0.0,0.0,13
839,0905-10-wzx,0.0,word,1693913804.2230666,1003.9999999999999,442.9999999999999,7.280109889280518,0.0,0.0,12
840,0905-10-wzx,0.0,word,1693913804.239066,999.9999999999997,441.9999999999999,4.123105625617661,0.0,0.0,11
841,0905-10-wzx,0.0,word,1693913804.2713947,1001.9999999999999,444.00000000000006,2.8284271247461903,0.0,0.0,12
842,0905-10-wzx,0.0,word,1693913804.30367,1011.9999999999999,444.99999999999994,10.04987562112089,0.0,0.0,13
843,0905-10-wzx,0.0,word,1693913804.335832,1016.9999999999998,445.99999999999994,5.0990195135927845,0.0,0.0,17
844,0905-10-wzx,0.0,word,1693913804.3671727,1027.0,447.00000000000006,10.04987562112089,0.0,0.0,26
845,0905-10-wzx,0.0,word,1693913804.3991935,1040.9999999999998,447.9999999999999,14.0356688476182,0.0,0.0,30
846,0905-10-wzx,0.0,word,1693913804.4316258,1054.0,447.99999999999994,13.0,0.0,0.0,28
847,0905-10-wzx,0.0,word,1693913804.4632883,1068.0,448.0,14.0,0.0,0.0,27
848,0905-10-wzx,0.0,word,1693913804.479174,1068.9999999999998,446.99999999999983,1.4142135623730951,0.0,0.0,26
849,0905-10-wzx,0.0,word,1693913804.5112455,1064.9999999999998,445.9999999999999,4.123105625617661,0.0,0.0,27
850,0905-10-wzx,0.0,word,1693913804.5438085,1060.9999999999998,446.0000000000001,4.0,0.0,0.0,26
851,0905-10-wzx,0.0,word,1693913804.574972,1059.9999999999998,445.99999999999994,1.0,0.0,0.0,27
852,0905-10-wzx,0.0,word,1693913804.6072793,1058.0,446.99999999999994,2.23606797749979,0.0,0.0,27
853,0905-10-wzx,0.0,word,1693913804.6393428,1057.0,446.9999999999999,1.0,0.0,0.0,27
854,0905-10-wzx,0.0,word,1693913804.670926,1056.0,446.9999999999999,1.0,0.0,0.0,28
855,0905-10-wzx,0.0,word,1693913804.7835317,1042.0000000000002,491.0,46.17358552246078,0.0,0.0,10
856,0905-10-wzx,0.0,word,1693913804.8156104,1038.0,486.99999999999994,5.656854249492381,0.0,0.0,12
857,0905-10-wzx,0.0,word,1693913804.8469093,1037.0000000000002,482.9999999999999,4.123105625617661,0.0,0.0,16
858,0905-10-wzx,0.0,word,1693913804.8791225,1036.0000000000002,478.9999999999999,4.123105625617661,0.0,0.0,22
859,0905-10-wzx,0.0,word,1693913804.911314,1040.0,475.99999999999994,5.0,0.0,0.0,27
860,0905-10-wzx,0.0,word,1693913804.9437382,1047.0000000000002,474.00000000000006,7.280109889280518,0.0,0.0,28
861,0905-10-wzx,0.0,word,1693913804.9758077,1055.9999999999998,471.9999999999999,9.219544457292889,0.0,0.0,30
862,0905-10-wzx,0.0,word,1693913805.0074856,1066.0000000000002,469.00000000000006,10.44030650891055,0.0,0.0,32
863,0905-10-wzx,0.0,word,1693913805.0395768,1075.0,466.99999999999983,9.219544457292889,0.0,0.0,28
864,0905-10-wzx,0.0,word,1693913805.0558152,1084.0,466.0,9.055385138137416,0.0,0.0,25
865,0905-10-wzx,0.0,word,1693913805.0879598,1090.9999999999998,465.99999999999994,7.0,0.0,0.0,24
866,0905-10-wzx,0.0,word,1693913805.1193595,1096.0,465.99999999999994,5.0,0.0,0.0,20
867,0905-10-wzx,0.0,word,1693913805.1513555,1101.0,464.9999999999999,5.0990195135927845,0.0,0.0,18
868,0905-10-wzx,0.0,word,1693913805.183424,1106.0,464.0,5.0990195135927845,0.0,0.0,16
869,0905-10-wzx,0.0,word,1693913805.2155085,1131.0,465.0,25.019992006393608,0.0,0.0,12
870,0905-10-wzx,0.0,word,1693913805.2469947,1174.9999999999998,469.99999999999994,44.28317965096906,0.0,0.0,9
871,0905-10-wzx,0.0,word,1693913805.2791996,1214.0,472.0,39.05124837953327,0.0,0.0,11
872,0905-10-wzx,0.0,word,1693913805.311444,1244.9999999999998,472.99999999999983,31.016124838541646,0.0,0.0,14
873,0905-10-wzx,0.0,word,1693913805.327619,1267.0,471.0,22.09072203437452,0.0,0.0,16
874,0905-10-wzx,0.0,word,1693913805.3596778,1281.9999999999998,470.99999999999994,15.0,0.0,0.0,19
875,0905-10-wzx,0.0,word,1693913805.391008,1293.0000000000005,472.99999999999994,11.180339887498947,0.0,0.0,21
876,0905-10-wzx,0.0,word,1693913805.4233012,1300.0,472.99999999999994,7.0,0.0,0.0,22
877,0905-10-wzx,0.0,word,1693913805.4556737,1306.0000000000005,471.00000000000006,6.324555320336759,0.0,0.0,17
878,0905-10-wzx,0.0,word,1693913805.4879105,1310.9999999999998,469.0,5.385164807134504,0.0,0.0,14
879,0905-10-wzx,0.0,word,1693913805.5192692,1314.9999999999998,467.99999999999994,4.123105625617661,0.0,0.0,12
880,0905-10-wzx,0.0,word,1693913805.5513222,1318.9999999999998,466.99999999999994,4.123105625617661,0.0,0.0,10
881,0905-10-wzx,0.0,word,1693913805.583346,1320.0000000000005,465.00000000000006,2.23606797749979,0.0,0.0,9
882,0905-10-wzx,0.0,word,1693913805.5994723,1335.0000000000002,465.9999999999999,15.033296378372908,0.0,0.0,7
883,0905-10-wzx,0.0,word,1693913805.6315053,1372.0000000000005,467.0,37.01351104664349,0.0,0.0,3
884,0905-10-wzx,0.0,word,1693913805.6629708,1409.0000000000002,467.9999999999999,37.01351104664349,0.0,0.0,6
885,0905-10-wzx,0.0,word,1693913805.6951234,1438.0,467.99999999999994,29.0,0.0,0.0,7
886,0905-10-wzx,0.0,word,1693913805.7270076,1460.0000000000002,466.9999999999999,22.02271554554524,0.0,0.0,4
887,0905-10-wzx,0.0,word,1693913805.7594666,1475.9999999999998,466.99999999999994,16.0,0.0,0.0,7
888,0905-10-wzx,0.0,word,1693913805.7910197,1489.0,465.99999999999994,13.038404810405298,0.0,0.0,6
889,0905-10-wzx,0.0,word,1693913805.8233402,1497.0000000000002,467.0,8.06225774829855,0.0,0.0,6
890,0905-10-wzx,0.0,word,1693913805.8393872,1503.0,467.99999999999994,6.082762530298219,0.0,0.0,5
891,0905-10-wzx,0.0,word,1693913805.8710012,1508.9999999999998,466.0,6.324555320336759,0.0,0.0,5
892,0905-10-wzx,0.0,word,1693913805.9032888,1501.0,462.9999999999999,8.54400374531753,0.0,0.0,5
893,0905-10-wzx,0.0,word,1693913805.9351838,1399.0000000000002,461.99999999999994,102.00490184299969,0.0,0.0,6
894,0905-10-wzx,0.0,word,1693913805.9673514,988.0,476.99999999999994,411.2736315398788,0.0,0.0,10
895,0905-10-wzx,0.0,word,1693913805.9997044,665.0000000000001,497.0,323.6186026791414,0.0,0.0,1
896,0905-10-wzx,0.0,word,1693913806.0311842,517.0000000000001,506.99999999999994,148.33745312630927,0.0,0.0,3
897,0905-10-wzx,0.0,word,1693913806.063457,456.00000000000006,512.0000000000001,61.20457499239743,0.0,0.0,6
898,0905-10-wzx,0.0,word,1693913806.095405,432.0,510.99999999999983,24.020824298928627,0.0,0.0,8
899,0905-10-wzx,0.0,word,1693913806.1116328,401.0000000000001,513.9999999999999,31.144823004794876,0.0,0.0,10
900,0905-10-wzx,0.0,word,1693913806.143112,375.00000000000006,518.9999999999998,26.476404589747453,0.0,0.0,10
901,0905-10-wzx,0.0,word,1693913806.1751454,362.00000000000006,519.0,13.0,0.0,0.0,9
902,0905-10-wzx,0.0,word,1693913806.2071743,356.0,517.9999999999999,6.082762530298219,0.0,0.0,8
903,0905-10-wzx,0.0,word,1693913806.23917,351.00000000000006,518.9999999999999,5.0990195135927845,0.0,0.0,7
904,0905-10-wzx,0.0,word,1693913806.2711456,348.0,518.9999999999999,3.0,0.0,0.0,7
905,0905-10-wzx,0.0,word,1693913806.303176,369.0,516.0,21.213203435596427,0.0,0.0,10
906,0905-10-wzx,0.0,word,1693913806.3353071,385.0,515.0,16.0312195418814,0.0,0.0,12
907,0905-10-wzx,0.0,word,1693913806.3673782,391.99999999999994,514.0,7.071067811865476,0.0,0.0,9
908,0905-10-wzx,0.0,word,1693913806.383676,406.00000000000006,513.0,14.0356688476182,0.0,0.0,9
909,0905-10-wzx,0.0,word,1693913806.415975,422.9999999999999,512.0000000000001,17.029386365926403,0.0,0.0,9
910,0905-10-wzx,0.0,word,1693913806.4470494,440.00000000000006,512.0,17.0,0.0,0.0,9
911,0905-10-wzx,0.0,word,1693913806.479282,456.00000000000006,511.0000000000001,16.0312195418814,0.0,0.0,6
912,0905-10-wzx,0.0,word,1693913806.511287,473.0,511.99999999999983,17.029386365926403,0.0,0.0,4
913,0905-10-wzx,0.0,word,1693913806.543713,548.0000000000002,507.0,75.16648189186454,0.0,0.0,3
914,0905-10-wzx,0.0,word,1693913806.5755954,645.0000000000001,498.99999999999994,97.32933781753576,0.0,0.0,1
915,0905-10-wzx,0.0,word,1693913806.6079,714.0,494.99999999999994,69.1158447825099,0.0,0.0,1
916,0905-10-wzx,0.0,word,1693913806.6390476,755.0000000000002,493.0,41.04875150354759,0.0,0.0,2
917,0905-10-wzx,0.0,word,1693913806.6550455,778.9999999999999,489.99999999999994,24.186773244895647,0.0,0.0,7
918,0905-10-wzx,0.0,word,1693913806.7033758,796.0000000000001,487.99999999999983,17.11724276862369,0.0,0.0,6
919,0905-10-wzx,0.0,word,1693913806.7195349,808.0000000000001,488.0,12.0,0.0,0.0,6
920,0905-10-wzx,0.0,word,1693913806.751532,815.0,488.99999999999983,7.071067811865476,0.0,0.0,5
921,0905-10-wzx,0.0,word,1693913806.783536,817.0,490.00000000000006,2.23606797749979,0.0,0.0,5
922,0905-10-wzx,0.0,word,1693913806.8156185,805.9999999999999,495.0,12.083045973594572,0.0,0.0,6
923,0905-10-wzx,0.0,word,1693913806.847683,776.0000000000001,503.99999999999983,31.32091952673165,0.0,0.0,5
924,0905-10-wzx,0.0,word,1693913806.87984,710.0,522.0,68.41052550594829,0.0,0.0,1
925,0905-10-wzx,0.0,word,1693913806.9113488,635.0,540.9999999999999,77.3692445355388,0.0,0.0,3
926,0905-10-wzx,0.0,word,1693913806.9273467,578.0,558.0,59.481089431852205,0.0,0.0,4
927,0905-10-wzx,0.0,word,1693913806.959682,537.0,567.9999999999999,42.20189569201838,0.0,0.0,6
928,0905-10-wzx,0.0,word,1693913806.991814,511.00000000000006,573.9999999999999,26.68332812825267,0.0,0.0,6
929,0905-10-wzx,0.0,word,1693913807.023108,495.00000000000017,575.0,16.0312195418814,0.0,0.0,3
930,0905-10-wzx,0.0,word,1693913807.0553734,499.00000000000006,576.0,4.123105625617661,0.0,0.0,4
931,0905-10-wzx,0.0,word,1693913807.0873623,530.0000000000001,576.0,31.0,0.0,0.0,7
932,0905-10-wzx,0.0,word,1693913807.1197703,548.0,575.0,18.027756377319943,0.0,0.0,7
933,0905-10-wzx,0.0,word,1693913807.1509254,564.0,574.0,16.0312195418814,0.0,0.0,5
934,0905-10-wzx,0.0,word,1693913807.1833498,584.0000000000001,574.9999999999998,20.024984394500787,0.0,0.0,4
935,0905-10-wzx,0.0,word,1693913807.1993432,605.0000000000001,573.0,21.095023109728988,0.0,0.0,4
936,0905-10-wzx,0.0,word,1693913807.2313683,624.0,573.0,19.0,0.0,0.0,4
937,0905-10-wzx,0.0,word,1693913807.2636914,639.0,572.9999999999999,15.0,0.0,0.0,5
938,0905-10-wzx,0.0,word,1693913807.2958834,666.0,573.9999999999999,27.018512172212592,0.0,0.0,3
939,0905-10-wzx,0.0,word,1693913807.3269186,723.0000000000001,573.9999999999999,57.0,0.0,0.0,0
940,0905-10-wzx,0.0,word,1693913807.3592496,779.0000000000001,574.0,56.0,0.0,0.0,1
941,0905-10-wzx,0.0,word,1693913807.3913782,817.9999999999999,575.0,39.01281840626232,0.0,0.0,2
942,0905-10-wzx,0.0,word,1693913807.4233549,846.0,574.9999999999999,28.0,0.0,0.0,4
943,0905-10-wzx,0.0,word,1693913807.4556484,863.9999999999999,577.0,18.110770276274835,0.0,0.0,11
944,0905-10-wzx,0.0,word,1693913807.4717984,876.0,574.9999999999999,12.16552506059644,0.0,0.0,12
945,0905-10-wzx,0.0,word,1693913807.5030963,882.9999999999998,574.9999999999999,7.0,0.0,0.0,12
946,0905-10-wzx,0.0,word,1693913807.5350723,890.0000000000001,577.0000000000001,7.280109889280518,0.0,0.0,11
947,0905-10-wzx,0.0,word,1693913807.5672486,893.0,577.9999999999999,3.1622776601683795,0.0,0.0,11
948,0905-10-wzx,0.0,word,1693913807.599694,896.0000000000002,578.9999999999999,3.1622776601683795,0.0,0.0,11
949,0905-10-wzx,0.0,word,1693913807.6309786,897.9999999999998,579.9999999999999,2.23606797749979,0.0,0.0,11
950,0905-10-wzx,0.0,word,1693913807.663309,898.0,582.0000000000001,2.0,0.0,0.0,11
951,0905-10-wzx,0.0,word,1693913807.6954088,898.9999999999999,582.0,1.0,0.0,0.0,11
952,0905-10-wzx,0.0,word,1693913807.7276826,896.0,580.9999999999999,3.1622776601683795,0.0,0.0,11
953,0905-10-wzx,0.0,word,1693913807.7437134,892.0,581.0000000000001,4.0,0.0,0.0,11
954,0905-10-wzx,0.0,word,1693913807.7756834,913.9999999999999,581.0000000000001,22.0,0.0,0.0,10
955,0905-10-wzx,0.0,word,1693913807.8077962,1013.0,577.0000000000001,99.08077512817508,0.0,0.0,0
956,0905-10-wzx,0.0,word,1693913807.8389344,1123.0,577.0,110.0,0.0,0.0,2
957,0905-10-wzx,0.0,word,1693913807.8711357,1199.0,573.9999999999999,76.05918747922567,0.0,0.0,1
958,0905-10-wzx,0.0,word,1693913807.9032173,1247.0000000000002,575.0,48.010415536631214,0.0,0.0,3
959,0905-10-wzx,0.0,word,1693913807.9352844,1276.0,574.9999999999999,29.0,0.0,0.0,6
960,0905-10-wzx,0.0,word,1693913807.967676,1296.0,577.0,20.09975124224178,0.0,0.0,9
961,0905-10-wzx,0.0,word,1693913807.9837143,1307.0000000000002,578.0000000000001,11.04536101718726,0.0,0.0,11
962,0905-10-wzx,0.0,word,1693913808.0158298,1312.9999999999998,577.0,6.082762530298219,0.0,0.0,12
963,0905-10-wzx,0.0,word,1693913808.0472922,1316.0000000000002,579.0,3.605551275463989,0.0,0.0,13
964,0905-10-wzx,0.0,word,1693913808.0793667,1319.0,578.9999999999999,3.0,0.0,0.0,14
983,0905-10-wzx,0.0,word,1693913808.6559486,1126.0000000000002,569.0,435.6971425198931,0.0,0.0,2
984,0905-10-wzx,0.0,word,1693913808.6869433,978.9999999999999,471.99999999999983,176.11927776367924,0.0,0.0,8
985,0905-10-wzx,0.0,word,1693913808.7193592,929.9999999999999,437.99999999999994,59.64059020499378,0.0,0.0,11
986,0905-10-wzx,0.0,word,1693913808.7515466,908.0000000000001,425.99999999999994,25.059928172283332,0.0,0.0,25
987,0905-10-wzx,0.0,word,1693913808.7830446,902.0,422.9999999999999,6.708203932499369,0.0,0.0,28
988,0905-10-wzx,0.0,word,1693913808.815223,898.0000000000001,425.0,4.47213595499958,0.0,0.0,30
989,0905-10-wzx,0.0,word,1693913808.8314588,953.0,462.99999999999994,66.85057965343307,0.0,0.0,4
990,0905-10-wzx,0.0,word,1693913808.8644342,992.9999999999997,485.9999999999999,46.14108798023731,0.0,0.0,4
991,0905-10-wzx,0.0,word,1693913808.895462,1006.9999999999999,494.99999999999994,16.64331697709324,0.0,0.0,8
992,0905-10-wzx,0.0,word,1693913808.927457,1043.0,515.0,41.182520563948,0.0,0.0,6
993,0905-10-wzx,0.0,word,1693913808.9595768,1084.0,538.9999999999999,47.50789408087881,0.0,0.0,0
994,0905-10-wzx,0.0,word,1693913808.9917753,1158.0000000000002,558.0,76.40026177965623,0.0,0.0,2
995,0905-10-wzx,0.0,word,1693913809.0231652,1231.0,568.9999999999999,73.824115301167,0.0,0.0,2
996,0905-10-wzx,0.0,word,1693913809.0552945,1279.0,577.9999999999999,48.83646178829912,0.0,0.0,7
997,0905-10-wzx,0.0,word,1693913809.0713396,1307.0,583.9999999999999,28.635642126552707,0.0,0.0,10
998,0905-10-wzx,0.0,word,1693913809.1036515,1325.0000000000005,586.0000000000001,18.110770276274835,0.0,0.0,16
999,0905-10-wzx,0.0,word,1693913809.1358202,1337.0,583.9999999999998,12.16552506059644,0.0,0.0,15
1000,0905-10-wzx,0.0,word,1693913809.1669478,1344.0000000000002,581.9999999999999,7.280109889280518,0.0,0.0,15
1001,0905-10-wzx,0.0,word,1693913809.199093,1350.0000000000005,582.0,6.0,0.0,0.0,13
1002,0905-10-wzx,0.0,word,1693913809.2313418,1353.0,582.0000000000001,3.0,0.0,0.0,12
1003,0905-10-wzx,0.0,word,1693913809.2634416,1356.0000000000002,582.0,3.0,0.0,0.0,11
1004,0905-10-wzx,0.0,word,1693913809.2954714,1357.0,582.0,1.0,0.0,0.0,11
1005,0905-10-wzx,0.0,word,1693913809.3275917,1359.0000000000002,583.0000000000001,2.23606797749979,0.0,0.0,10
1006,0905-10-wzx,0.0,word,1693913809.3448913,1360.0,583.9999999999999,1.4142135623730951,0.0,0.0,10
1007,0905-10-wzx,0.0,word,1693913809.3758905,1361.0,583.9999999999999,1.0,0.0,0.0,10
1008,0905-10-wzx,0.0,word,1693913809.407076,1354.0,581.0,7.615773105863909,0.0,0.0,12
1009,0905-10-wzx,0.0,word,1693913809.439399,1306.0000000000002,543.9999999999999,60.60528029800704,0.0,0.0,13
1010,0905-10-wzx,0.0,word,1693913809.471388,1211.0,474.00000000000006,118.00423721205946,0.0,0.0,11
1011,0905-10-wzx,0.0,word,1693913809.5038056,1132.9999999999998,425.0,92.11405973031478,0.0,0.0,11
1012,0905-10-wzx,0.0,word,1693913809.535884,1085.0000000000002,392.0,58.2494635168428,0.0,0.0,4
1013,0905-10-wzx,0.0,word,1693913809.5671487,1060.0,378.0000000000001,28.653097563788805,0.0,0.0,5
1014,0905-10-wzx,0.0,word,1693913809.5990708,1046.0000000000002,368.0000000000001,17.204650534085253,0.0,0.0,9
1015,0905-10-wzx,0.0,word,1693913809.6153803,1037.0,360.0,12.041594578792296,0.0,0.0,11
1016,0905-10-wzx,0.0,word,1693913809.6478531,1030.0,354.0,9.219544457292889,0.0,0.0,12
1017,0905-10-wzx,0.0,word,1693913809.6798437,1028.0,351.99999999999994,2.8284271247461903,0.0,0.0,11
1018,0905-10-wzx,0.0,word,1693913809.7118268,1026.9999999999998,347.9999999999999,4.123105625617661,0.0,0.0,11
1019,0905-10-wzx,0.0,word,1693913809.7433116,1026.0,347.0,1.4142135623730951,0.0,0.0,11
