original_index,username,iteration,phase,time,gaze_x,gaze_y,speed,matrix_x,matrix_y,density,row_label
1,0903-8-py,3.0,word,1693742810.713343,433.00000000000006,387.00000000000006,208.3962571640864,3.0,0.0,0,0
2,0903-8-py,3.0,word,1693742810.7462285,573.0000000000001,433.0000000000001,147.36349615830918,3.0,0.0,0,1
3,0903-8-py,3.0,word,1693742810.778229,639.9999999999999,453.0000000000001,69.92138442565336,3.0,0.0,10,1
4,0903-8-py,3.0,word,1693742810.809359,671.0000000000001,465.0,33.24154027718932,3.0,0.0,8,1
5,0903-8-py,3.0,word,1693742810.8417246,687.0000000000002,474.0000000000001,18.35755975068582,3.0,0.0,6,2
6,0903-8-py,3.0,word,1693742810.8578172,695.0000000000002,478.0000000000001,8.94427190999916,3.0,0.0,6,2
7,0903-8-py,3.0,word,1693742810.890899,699.0000000000002,477.00000000000006,4.123105625617661,3.0,0.0,6,2
8,0903-8-py,3.0,word,1693742810.9222667,676.0000000000001,456.00000000000017,31.14482300479488,3.0,0.0,8,1
9,0903-8-py,3.0,word,1693742810.9535697,656.0000000000001,440.00000000000006,25.6124969497314,3.0,0.0,10,1
10,0903-8-py,3.0,word,1693742810.9858744,642.9999999999999,427.00000000000006,18.384776310850235,3.0,0.0,7,1
11,0903-8-py,3.0,word,1693742811.0178866,632.0000000000001,416.0,15.556349186104043,3.0,0.0,11,1
12,0903-8-py,3.0,word,1693742811.0500212,621.0000000000001,407.00000000000006,14.212670403551895,3.0,0.0,10,0
13,0903-8-py,3.0,word,1693742811.0831716,611.0000000000002,400.0000000000001,12.206555615733702,3.0,0.0,10,0
14,0903-8-py,3.0,word,1693742811.1133142,603.0000000000002,394.00000000000006,10.0,3.0,0.0,9,0
15,0903-8-py,3.0,word,1693742811.1456225,596.0000000000001,388.00000000000006,9.219544457292889,3.0,0.0,9,0
16,0903-8-py,3.0,word,1693742811.1615367,592.0000000000001,385.0000000000001,5.0,3.0,0.0,8,0
17,0903-8-py,3.0,word,1693742811.19379,588.9999999999999,384.0,3.1622776601683795,3.0,0.0,8,0
18,0903-8-py,3.0,word,1693742811.2263966,587.0,384.0000000000001,2.0,3.0,0.0,8,0
19,0903-8-py,3.0,word,1693742811.2577727,586.0000000000001,382.0,2.23606797749979,3.0,0.0,8,0
20,0903-8-py,3.0,word,1693742811.2901502,498.0000000000002,458.00000000000006,116.27553482998908,3.0,0.0,0,1
21,0903-8-py,3.0,word,1693742811.434957,618.0,477.00000000000006,121.49485585818029,3.0,0.0,3,2
22,0903-8-py,3.0,word,1693742811.4670594,617.0,464.0,13.038404810405298,3.0,0.0,5,1
23,0903-8-py,3.0,word,1693742811.499051,618.0000000000002,442.0000000000001,22.02271554554524,3.0,0.0,8,1
24,0903-8-py,3.0,word,1693742811.529317,618.0000000000001,425.00000000000017,17.0,3.0,0.0,10,1
25,0903-8-py,3.0,word,1693742811.5618885,620.0000000000001,411.00000000000006,14.142135623730953,3.0,0.0,26,0
26,0903-8-py,3.0,word,1693742811.5942194,621.0000000000001,401.00000000000006,10.04987562112089,3.0,0.0,26,0
27,0903-8-py,3.0,word,1693742811.6262815,622.0000000000001,394.0,7.071067811865476,3.0,0.0,25,0
28,0903-8-py,3.0,word,1693742811.657349,625.0000000000001,388.0,6.708203932499369,3.0,0.0,26,0
29,0903-8-py,3.0,word,1693742811.6736882,637.0000000000001,384.00000000000006,12.649110640673518,3.0,0.0,27,0
30,0903-8-py,3.0,word,1693742811.7219126,651.0000000000001,381.0000000000001,14.317821063276352,3.0,0.0,27,0
31,0903-8-py,3.0,word,1693742811.754145,661.0000000000002,378.00000000000006,10.44030650891055,3.0,0.0,28,0
32,0903-8-py,3.0,word,1693742811.7701533,668.0,377.0000000000001,7.071067811865476,3.0,0.0,27,0
33,0903-8-py,3.0,word,1693742811.8021648,671.0,377.00000000000006,3.0,3.0,0.0,27,0
34,0903-8-py,3.0,word,1693742811.835211,668.0,378.00000000000006,3.1622776601683795,3.0,0.0,27,0
35,0903-8-py,3.0,word,1693742811.86562,665.0000000000001,379.00000000000006,3.1622776601683795,3.0,0.0,27,0
36,0903-8-py,3.0,word,1693742811.8978746,663.0000000000002,379.00000000000006,2.0,3.0,0.0,27,0
37,0903-8-py,3.0,word,1693742811.929875,661.0,380.0,2.23606797749979,3.0,0.0,28,0
38,0903-8-py,3.0,word,1693742811.9462812,660.0000000000003,380.0,1.0,3.0,0.0,28,0
39,0903-8-py,3.0,word,1693742811.978166,659.0000000000001,380.00000000000006,1.0,3.0,0.0,28,0
40,0903-8-py,3.0,word,1693742812.0101662,659.0000000000001,380.00000000000006,0.0,3.0,0.0,28,0
41,0903-8-py,3.0,word,1693742812.0416155,658.0000000000002,380.0000000000001,1.0,3.0,0.0,28,0
42,0903-8-py,3.0,word,1693742812.0738125,657.0000000000002,380.00000000000006,1.0,3.0,0.0,28,0
43,0903-8-py,3.0,word,1693742812.106083,657.0000000000002,380.00000000000006,0.0,3.0,0.0,28,0
44,0903-8-py,3.0,word,1693742812.138734,656.0000000000002,380.00000000000006,1.0,3.0,0.0,28,0
45,0903-8-py,3.0,word,1693742812.2819576,650.0,388.0000000000001,10.0,3.0,0.0,28,0
46,0903-8-py,3.0,word,1693742812.3142505,655.0000000000001,386.00000000000006,5.385164807134504,3.0,0.0,28,0
47,0903-8-py,3.0,word,1693742812.3456717,664.0000000000001,382.00000000000006,9.848857801796104,3.0,0.0,28,0
48,0903-8-py,3.0,word,1693742812.3779294,674.0000000000002,380.00000000000006,10.198039027185567,3.0,0.0,27,0
49,0903-8-py,3.0,word,1693742812.4101322,684.0000000000001,377.00000000000006,10.44030650891055,3.0,0.0,24,0
50,0903-8-py,3.0,word,1693742812.4421518,693.0,375.00000000000006,9.219544457292889,3.0,0.0,24,0
51,0903-8-py,3.0,word,1693742812.473557,701.0000000000002,374.00000000000006,8.06225774829855,3.0,0.0,23,0
52,0903-8-py,3.0,word,1693742812.489442,716.0,375.00000000000006,15.033296378372908,3.0,0.0,7,0
53,0903-8-py,3.0,word,1693742812.522749,752.0000000000002,374.00000000000006,36.013886210738214,3.0,0.0,4,0
54,0903-8-py,3.0,word,1693742812.554067,791.0,370.00000000000006,39.20459156782532,3.0,0.0,4,0
55,0903-8-py,3.0,word,1693742812.5861857,818.0000000000002,369.0000000000001,27.018512172212592,3.0,0.0,3,0
56,0903-8-py,3.0,word,1693742812.6181138,835.0000000000001,369.00000000000006,17.0,3.0,0.0,4,0
57,0903-8-py,3.0,word,1693742812.6501129,851.0,369.00000000000006,16.0,3.0,0.0,4,0
58,0903-8-py,3.0,word,1693742812.6821592,893.0000000000002,369.0000000000001,42.0,3.0,0.0,3,0
59,0903-8-py,3.0,word,1693742812.7135828,935.0000000000002,367.00000000000017,42.04759208325728,3.0,0.0,5,0
60,0903-8-py,3.0,word,1693742812.7456164,962.0000000000005,366.0,27.018512172212592,3.0,0.0,5,0
61,0903-8-py,3.0,word,1693742812.7627711,979.0,367.00000000000006,17.029386365926403,3.0,0.0,6,0
62,0903-8-py,3.0,word,1693742812.7949362,989.0000000000002,368.0000000000001,10.04987562112089,3.0,0.0,6,0
63,0903-8-py,3.0,word,1693742812.8269458,997.0,368.00000000000006,8.0,3.0,0.0,7,0
64,0903-8-py,3.0,word,1693742812.8579204,1019.0000000000005,368.00000000000006,22.0,3.0,0.0,9,0
65,0903-8-py,3.0,word,1693742812.8899536,1040.0,367.00000000000006,21.02379604162864,3.0,0.0,10,0
66,0903-8-py,3.0,word,1693742812.92299,1054.0000000000002,369.00000000000006,14.142135623730953,3.0,0.0,11,0
67,0903-8-py,3.0,word,1693742812.9539845,1064.0,370.00000000000006,10.04987562112089,3.0,0.0,11,0
68,0903-8-py,3.0,word,1693742812.9854348,1071.0,370.0000000000001,7.0,3.0,0.0,11,0
69,0903-8-py,3.0,word,1693742813.017918,1076.0000000000002,372.00000000000006,5.385164807134504,3.0,0.0,11,0
70,0903-8-py,3.0,word,1693742813.0342133,1083.0000000000002,371.0000000000001,7.071067811865476,3.0,0.0,11,0
71,0903-8-py,3.0,word,1693742813.0654783,1094.0000000000002,372.0000000000001,11.04536101718726,3.0,0.0,12,0
72,0903-8-py,3.0,word,1693742813.0973632,1104.0000000000005,372.00000000000006,10.0,3.0,0.0,12,0
73,0903-8-py,3.0,word,1693742813.1305184,1111.0000000000002,372.0,7.0,3.0,0.0,12,0
74,0903-8-py,3.0,word,1693742813.1614366,1117.0000000000005,374.0000000000001,6.324555320336759,3.0,0.0,13,0
75,0903-8-py,3.0,word,1693742813.193541,1125.9999999999998,375.0,9.055385138137416,3.0,0.0,13,0
76,0903-8-py,3.0,word,1693742813.225832,1141.0,377.00000000000006,15.132745950421556,3.0,0.0,10,0
77,0903-8-py,3.0,word,1693742813.258112,1156.0000000000002,378.0,15.033296378372908,3.0,0.0,10,0
78,0903-8-py,3.0,word,1693742813.2902124,1167.0000000000005,378.00000000000006,11.0,3.0,0.0,9,0
79,0903-8-py,3.0,word,1693742813.3053448,1175.0,377.0000000000001,8.06225774829855,3.0,0.0,7,0
80,0903-8-py,3.0,word,1693742813.3375187,1182.0,377.00000000000006,7.0,3.0,0.0,6,0
81,0903-8-py,3.0,word,1693742813.3706422,1216.0000000000002,379.0,34.058772731852805,3.0,0.0,5,0
82,0903-8-py,3.0,word,1693742813.4022374,1272.0000000000005,380.00000000000006,56.00892785976178,3.0,0.0,2,0
83,0903-8-py,3.0,word,1693742813.4334626,1313.0000000000002,380.00000000000006,41.0,3.0,0.0,5,0
84,0903-8-py,3.0,word,1693742813.4656198,1340.0000000000005,378.00000000000006,27.073972741361768,3.0,0.0,4,0
85,0903-8-py,3.0,word,1693742813.497788,1354.0000000000002,378.00000000000006,14.0,3.0,0.0,4,0
86,0903-8-py,3.0,word,1693742813.529698,1366.0000000000002,379.00000000000006,12.041594578792296,3.0,0.0,4,0
87,0903-8-py,3.0,word,1693742813.5620878,1376.0000000000005,380.0000000000001,10.04987562112089,3.0,0.0,4,0
88,0903-8-py,3.0,word,1693742813.7062612,1367.0000000000005,496.00000000000006,116.3486140871476,3.0,0.0,0,2
89,0903-8-py,3.0,word,1693742813.7381487,1442.0000000000002,477.00000000000006,77.3692445355388,3.0,0.0,4,2
90,0903-8-py,3.0,word,1693742813.7701485,1434.0,464.0,15.264337522473747,3.0,0.0,5,1
91,0903-8-py,3.0,word,1693742813.8017309,1426.0000000000002,453.00000000000017,13.601470508735444,3.0,0.0,6,1
92,0903-8-py,3.0,word,1693742813.8337266,1419.0,440.0,14.7648230602334,3.0,0.0,8,1
93,0903-8-py,3.0,word,1693742813.8506176,1412.0000000000005,430.00000000000006,12.206555615733702,3.0,0.0,23,1
94,0903-8-py,3.0,word,1693742813.8812962,1402.0000000000002,420.0,14.142135623730953,3.0,0.0,22,1
95,0903-8-py,3.0,word,1693742813.9133627,1391.0000000000005,413.0000000000001,13.038404810405298,3.0,0.0,21,0
96,0903-8-py,3.0,word,1693742813.9463627,1383.0000000000002,405.00000000000006,11.31370849898476,3.0,0.0,18,0
97,0903-8-py,3.0,word,1693742813.977362,1376.0000000000002,399.00000000000006,9.219544457292889,3.0,0.0,17,0
98,0903-8-py,3.0,word,1693742814.0096092,1373.0000000000002,395.00000000000017,5.0,3.0,0.0,15,0
99,0903-8-py,3.0,word,1693742814.0417662,1381.0,393.0,8.246211251235321,3.0,0.0,18,0
100,0903-8-py,3.0,word,1693742814.0740352,1391.0000000000005,392.00000000000006,10.04987562112089,3.0,0.0,20,0
101,0903-8-py,3.0,word,1693742814.106036,1399.0,390.00000000000006,8.246211251235321,3.0,0.0,20,0
102,0903-8-py,3.0,word,1693742814.1213143,1404.0000000000005,389.0,5.0990195135927845,3.0,0.0,20,0
103,0903-8-py,3.0,word,1693742814.15428,1409.0000000000002,388.0,5.0990195135927845,3.0,0.0,20,0
104,0903-8-py,3.0,word,1693742814.1853354,1412.0000000000005,388.0000000000001,3.0,3.0,0.0,20,0
105,0903-8-py,3.0,word,1693742814.2177286,1414.9999999999998,389.0000000000001,3.1622776601683795,3.0,0.0,20,0
106,0903-8-py,3.0,word,1693742814.2509484,1417.0000000000002,389.00000000000006,2.0,3.0,0.0,20,0
107,0903-8-py,3.0,word,1693742814.28311,1422.0000000000002,389.00000000000006,5.0,3.0,0.0,20,0
108,0903-8-py,3.0,word,1693742814.315115,1430.0000000000002,390.0,8.06225774829855,3.0,0.0,21,0
109,0903-8-py,3.0,word,1693742814.346366,1438.0000000000002,391.0,8.06225774829855,3.0,0.0,13,0
110,0903-8-py,3.0,word,1693742814.3615892,1444.0000000000002,391.00000000000006,6.0,3.0,0.0,13,0
111,0903-8-py,3.0,word,1693742814.3942275,1449.0000000000002,392.0,5.0990195135927845,3.0,0.0,12,0
112,0903-8-py,3.0,word,1693742814.4253683,1433.0000000000002,392.0,16.0,3.0,0.0,21,0
113,0903-8-py,3.0,word,1693742814.4588437,1195.0000000000002,402.00000000000006,238.20999139414783,3.0,0.0,0,0
114,0903-8-py,3.0,word,1693742814.4901483,807.0000000000001,439.00000000000017,389.76018267647606,3.0,0.0,0,1
115,0903-8-py,3.0,word,1693742814.521628,619.0,454.00000000000006,188.59745491389856,3.0,0.0,0,1
116,0903-8-py,3.0,word,1693742814.5539277,545.0000000000001,456.00000000000006,74.02702209328699,3.0,0.0,2,1
117,0903-8-py,3.0,word,1693742814.5853183,518.0,455.0000000000001,27.018512172212592,3.0,0.0,3,1
118,0903-8-py,3.0,word,1693742814.6173654,503.0000000000001,456.00000000000006,15.033296378372908,3.0,0.0,4,1
119,0903-8-py,3.0,word,1693742814.6342854,479.0000000000001,459.00000000000006,24.186773244895647,3.0,0.0,6,1
120,0903-8-py,3.0,word,1693742814.6653962,452.0000000000001,462.00000000000006,27.16615541441225,3.0,0.0,5,1
121,0903-8-py,3.0,word,1693742814.7139869,439.0000000000001,461.0,13.038404810405298,3.0,0.0,4,1
122,0903-8-py,3.0,word,1693742814.730869,431.00000000000006,461.0000000000001,8.0,3.0,0.0,4,1
123,0903-8-py,3.0,word,1693742814.763886,425.00000000000006,465.00000000000006,7.211102550927978,3.0,0.0,4,1
124,0903-8-py,3.0,word,1693742814.9376516,546.0,531.0,137.82960494755835,3.0,0.0,4,3
125,0903-8-py,3.0,word,1693742814.9853437,555.0000000000001,523.0000000000001,12.041594578792296,3.0,0.0,5,2
126,0903-8-py,3.0,word,1693742815.0023446,566.0000000000001,513.0000000000001,14.866068747318506,3.0,0.0,6,2
127,0903-8-py,3.0,word,1693742815.0334537,578.0000000000001,500.00000000000006,17.69180601295413,3.0,0.0,11,2
128,0903-8-py,3.0,word,1693742815.0668004,588.9999999999999,489.00000000000006,15.556349186104043,3.0,0.0,14,2
129,0903-8-py,3.0,word,1693742815.09783,599.0,480.0,13.45362404707371,3.0,0.0,13,2
130,0903-8-py,3.0,word,1693742815.1309538,606.0000000000002,471.0,11.40175425099138,3.0,0.0,12,1
131,0903-8-py,3.0,word,1693742815.1621284,612.0,464.0000000000001,9.219544457292889,3.0,0.0,12,1
132,0903-8-py,3.0,word,1693742815.1935306,616.0,461.0000000000001,5.0,3.0,0.0,12,1
133,0903-8-py,3.0,word,1693742815.2261715,618.0000000000002,458.00000000000006,3.605551275463989,3.0,0.0,12,1
134,0903-8-py,3.0,word,1693742815.2412937,619.0,456.00000000000006,2.23606797749979,3.0,0.0,12,1
135,0903-8-py,3.0,word,1693742815.2734928,621.0,453.00000000000006,3.605551275463989,3.0,0.0,12,1
136,0903-8-py,3.0,word,1693742815.3054943,621.0000000000002,452.0,1.0,3.0,0.0,11,1
137,0903-8-py,3.0,word,1693742815.3376546,622.0,452.0,1.0,3.0,0.0,11,1
138,0903-8-py,3.0,word,1693742815.369902,637.9999999999999,450.0,16.1245154965971,3.0,0.0,12,1
139,0903-8-py,3.0,word,1693742815.4037957,670.0000000000002,445.00000000000006,32.38826948140329,3.0,0.0,11,1
140,0903-8-py,3.0,word,1693742815.4347925,697.0,441.0000000000001,27.29468812791236,3.0,0.0,5,1
141,0903-8-py,3.0,word,1693742815.4497871,716.0000000000001,437.0,19.4164878389476,3.0,0.0,5,1
142,0903-8-py,3.0,word,1693742815.482088,732.0000000000002,434.00000000000006,16.278820596099706,3.0,0.0,6,1
143,0903-8-py,3.0,word,1693742815.5140882,743.0000000000002,433.00000000000017,11.04536101718726,3.0,0.0,5,1
144,0903-8-py,3.0,word,1693742815.546126,762.0000000000002,432.00000000000006,19.026297590440446,3.0,0.0,5,1
145,0903-8-py,3.0,word,1693742815.578313,793.0000000000003,429.00000000000006,31.14482300479488,3.0,0.0,8,1
146,0903-8-py,3.0,word,1693742815.6097286,818.0,427.0,25.079872407968907,3.0,0.0,9,1
147,0903-8-py,3.0,word,1693742815.642425,834.0,426.00000000000006,16.0312195418814,3.0,0.0,9,1
148,0903-8-py,3.0,word,1693742815.674734,845.0000000000001,426.0,11.0,3.0,0.0,9,1
149,0903-8-py,3.0,word,1693742815.7067342,852.0000000000002,426.0,7.0,3.0,0.0,9,1
150,0903-8-py,3.0,word,1693742815.722168,856.0000000000001,426.00000000000006,4.0,3.0,0.0,9,1
151,0903-8-py,3.0,word,1693742815.7703493,860.0000000000002,426.00000000000006,4.0,3.0,0.0,8,1
152,0903-8-py,3.0,word,1693742815.7856388,863.0,424.00000000000006,3.605551275463989,3.0,0.0,8,1
153,0903-8-py,3.0,word,1693742815.818774,866.0000000000002,423.00000000000006,3.1622776601683795,3.0,0.0,8,1
154,0903-8-py,3.0,word,1693742815.8500392,896.0000000000001,424.0,30.01666203960727,3.0,0.0,7,1
155,0903-8-py,3.0,word,1693742815.8821442,976.0000000000005,425.0,80.00624975587844,3.0,0.0,0,1
156,0903-8-py,3.0,word,1693742815.9132965,1045.0000000000005,425.0000000000001,69.0,3.0,0.0,1,1
157,0903-8-py,3.0,word,1693742815.94546,1087.0,423.00000000000006,42.04759208325728,3.0,0.0,1,1
158,0903-8-py,3.0,word,1693742815.9786484,1050.0000000000002,627.0,207.32824216685964,3.0,0.0,0,4
159,0903-8-py,3.0,word,1693742816.121602,1176.0000000000002,468.00000000000006,202.8718807523605,3.0,0.0,4,1
160,0903-8-py,3.0,word,1693742816.1542048,1175.0,453.00000000000017,15.033296378372908,3.0,0.0,4,1
161,0903-8-py,3.0,word,1693742816.1853297,1171.0,441.00000000000006,12.649110640673518,3.0,0.0,4,1
162,0903-8-py,3.0,word,1693742816.217473,1157.0,435.00000000000006,15.231546211727816,3.0,0.0,5,1
163,0903-8-py,3.0,word,1693742816.2510805,1130.0000000000002,428.9999999999999,27.65863337187866,3.0,0.0,6,1
164,0903-8-py,3.0,word,1693742816.2672322,1101.0000000000002,424.0000000000001,29.42787793912432,3.0,0.0,4,1
165,0903-8-py,3.0,word,1693742816.298701,1075.0000000000002,418.0000000000001,26.68332812825267,3.0,0.0,5,1
166,0903-8-py,3.0,word,1693742816.3301404,1053.0,412.00000000000006,22.80350850198276,3.0,0.0,4,0
167,0903-8-py,3.0,word,1693742816.3623374,1037.0000000000002,408.0,16.492422502470642,3.0,0.0,3,0
168,0903-8-py,3.0,word,1693742816.3934844,1016.0,405.00000000000006,21.213203435596427,3.0,0.0,4,0
169,0903-8-py,3.0,word,1693742816.425695,972.0000000000002,399.0000000000001,44.40720662234904,3.0,0.0,2,0
170,0903-8-py,3.0,word,1693742816.4577155,932.0000000000002,394.00000000000006,40.311288741492746,3.0,0.0,6,0
171,0903-8-py,3.0,word,1693742816.4892871,908.0,391.0,24.186773244895647,3.0,0.0,10,0
172,0903-8-py,3.0,word,1693742816.5216937,892.0,390.0,16.0312195418814,3.0,0.0,10,0
173,0903-8-py,3.0,word,1693742816.5386176,882.0000000000001,389.00000000000006,10.04987562112089,3.0,0.0,10,0
174,0903-8-py,3.0,word,1693742816.5700555,875.0000000000001,386.00000000000006,7.615773105863909,3.0,0.0,10,0
175,0903-8-py,3.0,word,1693742816.6014297,871.0000000000001,385.0000000000001,4.123105625617661,3.0,0.0,10,0
176,0903-8-py,3.0,word,1693742816.633441,867.0000000000001,385.00000000000017,4.0,3.0,0.0,9,0
177,0903-8-py,3.0,word,1693742816.6658614,864.0000000000001,385.0,3.0,3.0,0.0,9,0
178,0903-8-py,3.0,word,1693742816.6977618,862.0,385.0000000000001,2.0,3.0,0.0,9,0
179,0903-8-py,3.0,word,1693742816.7298658,869.0000000000003,387.0000000000001,7.280109889280518,3.0,0.0,10,0
180,0903-8-py,3.0,word,1693742816.7617593,903.0,393.00000000000006,34.52535300326414,3.0,0.0,10,0
181,0903-8-py,3.0,word,1693742816.7947595,987.0000000000002,408.00000000000006,85.32877591996736,3.0,0.0,0,0
182,0903-8-py,3.0,word,1693742816.809985,1059.0000000000005,417.00000000000006,72.56031973468694,3.0,0.0,1,1
183,0903-8-py,3.0,word,1693742816.8421347,1109.0000000000002,421.0,50.15974481593781,3.0,0.0,3,1
184,0903-8-py,3.0,word,1693742816.873675,1139.0,423.0,30.066592756745816,3.0,0.0,9,1
185,0903-8-py,3.0,word,1693742816.9056456,1159.9999999999998,425.0,21.095023109728988,3.0,0.0,10,1
186,0903-8-py,3.0,word,1693742816.9382594,1173.0,427.0,13.152946437965904,3.0,0.0,10,1
187,0903-8-py,3.0,word,1693742816.9694076,1181.0000000000002,428.00000000000006,8.06225774829855,3.0,0.0,10,1
188,0903-8-py,3.0,word,1693742817.0018802,1188.0,427.00000000000017,7.071067811865476,3.0,0.0,10,1
189,0903-8-py,3.0,word,1693742817.0341012,1192.0,428.0000000000001,4.123105625617661,3.0,0.0,11,1
190,0903-8-py,3.0,word,1693742817.0511107,1193.0,427.0,1.4142135623730951,3.0,0.0,11,1
191,0903-8-py,3.0,word,1693742817.0831103,1193.0,426.0,1.0,3.0,0.0,11,1
192,0903-8-py,3.0,word,1693742817.1141706,1193.0000000000005,425.0,1.0,3.0,0.0,11,1
193,0903-8-py,3.0,word,1693742817.1462512,1205.0000000000002,419.0,13.41640786499874,3.0,0.0,11,1
194,0903-8-py,3.0,word,1693742817.1782312,1228.0000000000002,409.00000000000006,25.079872407968907,3.0,0.0,13,0
195,0903-8-py,3.0,word,1693742817.20952,1246.0000000000002,399.0,20.591260281974,3.0,0.0,11,0
196,0903-8-py,3.0,word,1693742817.2418098,1259.0000000000002,391.00000000000006,15.264337522473747,3.0,0.0,8,0
197,0903-8-py,3.0,word,1693742817.2740707,1268.0,386.0,10.295630140987,3.0,0.0,7,0
198,0903-8-py,3.0,word,1693742817.3072217,1274.0,381.00000000000006,7.810249675906654,3.0,0.0,7,0
199,0903-8-py,3.0,word,1693742817.3232129,1278.0000000000005,379.0000000000001,4.47213595499958,3.0,0.0,8,0
200,0903-8-py,3.0,word,1693742817.3533468,1287.0000000000002,381.0,9.219544457292889,3.0,0.0,7,0
201,0903-8-py,3.0,word,1693742817.3853772,1312.0000000000005,381.0,25.0,3.0,0.0,10,0
202,0903-8-py,3.0,word,1693742817.4177818,1338.0000000000005,381.00000000000006,26.0,3.0,0.0,7,0
203,0903-8-py,3.0,word,1693742817.4508498,1356.0000000000002,383.0000000000001,18.110770276274835,3.0,0.0,4,0
204,0903-8-py,3.0,word,1693742817.4851277,1368.0,383.00000000000006,12.0,3.0,0.0,4,0
205,0903-8-py,3.0,word,1693742817.5151126,1349.0,383.0,19.0,3.0,0.0,5,0
206,0903-8-py,3.0,word,1693742817.5461392,1278.0000000000002,389.0,71.25307010929424,3.0,0.0,0,0
207,0903-8-py,3.0,word,1693742817.5782654,1119.0,401.0,159.45218719101973,3.0,0.0,0,0
208,0903-8-py,3.0,word,1693742817.594265,1003.0,408.0,116.21101496846155,3.0,0.0,0,0
209,0903-8-py,3.0,word,1693742817.6262715,938.0,416.00000000000006,65.49045732013177,3.0,0.0,3,1
210,0903-8-py,3.0,word,1693742817.657496,905.0,421.00000000000006,33.37663853655727,3.0,0.0,4,1
211,0903-8-py,3.0,word,1693742817.6896706,888.0000000000002,422.0000000000001,17.029386365926403,3.0,0.0,4,1
212,0903-8-py,3.0,word,1693742817.7222855,877.0000000000003,423.0000000000001,11.04536101718726,3.0,0.0,4,1
213,0903-8-py,3.0,word,1693742817.7542667,859.0000000000002,426.0,18.24828759089466,3.0,0.0,3,1
214,0903-8-py,3.0,word,1693742817.7862358,775.0,436.00000000000006,84.5931439302264,3.0,0.0,0,1
215,0903-8-py,3.0,word,1693742817.8182638,653.0000000000002,451.0,122.9186723000212,3.0,0.0,0,1
216,0903-8-py,3.0,word,1693742817.8493507,584.0,455.00000000000006,69.1158447825099,3.0,0.0,4,1
217,0903-8-py,3.0,word,1693742817.8654754,550.0000000000001,458.00000000000006,34.132096331752024,3.0,0.0,6,1
218,0903-8-py,3.0,word,1693742817.8975072,536.0000000000002,461.00000000000017,14.317821063276352,3.0,0.0,14,1
219,0903-8-py,3.0,word,1693742817.929627,527.0000000000001,459.0,9.219544457292889,3.0,0.0,14,1
220,0903-8-py,3.0,word,1693742817.9619205,522.0,457.00000000000006,5.385164807134504,3.0,0.0,14,1
221,0903-8-py,3.0,word,1693742817.9935768,511.00000000000017,459.0,11.180339887498947,3.0,0.0,13,1
222,0903-8-py,3.0,word,1693742818.025952,497.0000000000001,461.0000000000001,14.142135623730953,3.0,0.0,13,1
223,0903-8-py,3.0,word,1693742818.057975,482.00000000000017,476.00000000000006,21.213203435596427,3.0,0.0,12,2
224,0903-8-py,3.0,word,1693742818.1703544,510.0000000000002,514.0000000000001,47.20169488482379,3.0,0.0,12,2
225,0903-8-py,3.0,word,1693742818.201934,511.0000000000002,509.00000000000006,5.0990195135927845,3.0,0.0,12,2
226,0903-8-py,3.0,word,1693742818.2340946,516.0000000000001,507.00000000000006,5.385164807134504,3.0,0.0,13,2
227,0903-8-py,3.0,word,1693742818.266178,518.0000000000001,507.0,2.0,3.0,0.0,13,2
228,0903-8-py,3.0,word,1693742818.2974908,520.0,507.00000000000006,2.0,3.0,0.0,13,2
229,0903-8-py,3.0,word,1693742818.3300896,524.0000000000001,506.0000000000001,4.123105625617661,3.0,0.0,13,2
230,0903-8-py,3.0,word,1693742818.361498,529.0,512.0,7.810249675906654,3.0,0.0,13,2
231,0903-8-py,3.0,word,1693742818.4419198,629.0000000000001,565.0000000000001,113.17685275708986,3.0,0.0,3,3
232,0903-8-py,3.0,word,1693742818.47411,630.0000000000001,586.0,21.02379604162864,3.0,0.0,3,3
233,0903-8-py,3.0,word,1693742818.5071442,653.0000000000001,562.0000000000001,33.24154027718932,3.0,0.0,4,3
234,0903-8-py,3.0,word,1693742818.5391169,674.0000000000001,541.0,29.698484809834994,3.0,0.0,6,3
235,0903-8-py,3.0,word,1693742818.570218,690.0000000000001,523.0000000000001,24.08318915758459,3.0,0.0,6,2
236,0903-8-py,3.0,word,1693742818.602574,704.0000000000001,508.0,20.5182845286832,3.0,0.0,6,2
237,0903-8-py,3.0,word,1693742818.6344268,713.0,498.00000000000006,13.45362404707371,3.0,0.0,6,2
238,0903-8-py,3.0,word,1693742818.665475,720.0000000000002,492.00000000000006,9.219544457292889,3.0,0.0,5,2
239,0903-8-py,3.0,word,1693742818.6817856,735.0000000000002,488.0000000000001,15.524174696260024,3.0,0.0,5,2
240,0903-8-py,3.0,word,1693742818.7138958,752.0,486.00000000000006,17.11724276862369,3.0,0.0,4,2
241,0903-8-py,3.0,word,1693742818.8738804,848.0000000000002,619.0,164.02743672934722,3.0,0.0,1,4
242,0903-8-py,3.0,word,1693742818.905961,868.0000000000003,570.0,52.92447448959697,3.0,0.0,5,3
243,0903-8-py,3.0,word,1693742818.938022,872.0000000000003,543.0000000000001,27.29468812791236,3.0,0.0,2,3
244,0903-8-py,3.0,word,1693742818.9541242,870.0,558.0000000000002,15.132745950421556,3.0,0.0,2,3
245,0903-8-py,3.0,word,1693742819.1139252,893.0000000000003,618.0000000000001,64.25729530566937,3.0,0.0,1,4
246,0903-8-py,3.0,word,1693742819.1456146,915.0,582.0000000000001,42.190046219457976,3.0,0.0,5,3
247,0903-8-py,3.0,word,1693742819.177554,934.0,546.0000000000001,40.70626487409524,3.0,0.0,4,3
248,0903-8-py,3.0,word,1693742819.2101705,952.0000000000002,524.0,28.42534080710379,3.0,0.0,4,2
249,0903-8-py,3.0,word,1693742819.2270558,963.0000000000002,509.0000000000001,18.601075237738275,3.0,0.0,4,2
250,0903-8-py,3.0,word,1693742819.2582047,972.0,500.00000000000006,12.727922061357855,3.0,0.0,4,2
251,0903-8-py,3.0,word,1693742819.2897484,1008.0,496.0000000000001,36.22154055254967,3.0,0.0,4,2
252,0903-8-py,3.0,word,1693742819.32221,1064.0000000000002,494.00000000000006,56.0357029044876,3.0,0.0,2,2
253,0903-8-py,3.0,word,1693742819.353577,1106.0000000000002,490.0000000000001,42.190046219457976,3.0,0.0,6,2
254,0903-8-py,3.0,word,1693742819.3856745,1129.0000000000002,487.0,23.194827009486403,3.0,0.0,5,2
255,0903-8-py,3.0,word,1693742819.4187465,1144.0,485.0,15.132745950421556,3.0,0.0,6,2
256,0903-8-py,3.0,word,1693742819.4509492,1155.0,483.00000000000006,11.180339887498947,3.0,0.0,6,2
257,0903-8-py,3.0,word,1693742819.4821372,1162.0000000000002,483.0,7.0,3.0,0.0,6,2
258,0903-8-py,3.0,word,1693742819.4981363,1169.0,485.00000000000006,7.280109889280518,3.0,0.0,6,2
259,0903-8-py,3.0,word,1693742819.5297546,1199.0000000000002,485.0,30.0,3.0,0.0,5,2
260,0903-8-py,3.0,word,1693742819.5614076,1239.0000000000002,487.0000000000001,40.049968789001575,3.0,0.0,4,2
261,0903-8-py,3.0,word,1693742819.5937667,1265.0000000000002,486.0,26.019223662515376,3.0,0.0,7,2
262,0903-8-py,3.0,word,1693742819.6254766,1283.0000000000002,487.0,18.027756377319943,3.0,0.0,9,2
263,0903-8-py,3.0,word,1693742819.6584778,1295.0000000000002,488.0000000000001,12.041594578792296,3.0,0.0,10,2
264,0903-8-py,3.0,word,1693742819.689739,1303.0000000000002,490.0000000000001,8.246211251235321,3.0,0.0,9,2
265,0903-8-py,3.0,word,1693742819.7214434,1308.0000000000005,490.0,5.0,3.0,0.0,9,2
266,0903-8-py,3.0,word,1693742819.754906,1317.0000000000005,491.00000000000006,9.055385138137416,3.0,0.0,9,2
267,0903-8-py,3.0,word,1693742819.7709422,1327.0,492.0000000000001,10.04987562112089,3.0,0.0,10,2
268,0903-8-py,3.0,word,1693742819.803327,1334.0,493.0,7.071067811865476,3.0,0.0,9,2
269,0903-8-py,3.0,word,1693742819.8334658,1339.0000000000002,494.00000000000006,5.0990195135927845,3.0,0.0,9,2
270,0903-8-py,3.0,word,1693742819.8657117,1352.0000000000002,496.00000000000017,13.152946437965904,3.0,0.0,9,2
271,0903-8-py,3.0,word,1693742819.897824,1381.9999999999998,498.0000000000001,30.066592756745816,3.0,0.0,7,2
272,0903-8-py,3.0,word,1693742819.9294078,1410.0000000000002,500.0,28.0713376952364,3.0,0.0,10,2
273,0903-8-py,3.0,word,1693742819.9615512,1429.0000000000005,500.00000000000006,19.0,3.0,0.0,9,2
274,0903-8-py,3.0,word,1693742819.993744,1443.0000000000005,500.0,14.0,3.0,0.0,9,2
275,0903-8-py,3.0,word,1693742820.0256965,1451.9999999999998,499.0,9.055385138137416,3.0,0.0,8,2
276,0903-8-py,3.0,word,1693742820.0416973,1458.0000000000002,500.0,6.082762530298219,3.0,0.0,8,2
277,0903-8-py,3.0,word,1693742820.0737748,1463.0000000000002,501.00000000000006,5.0990195135927845,3.0,0.0,8,2
278,0903-8-py,3.0,word,1693742820.105776,1466.0000000000002,501.0,3.0,3.0,0.0,8,2
279,0903-8-py,3.0,word,1693742820.1379514,1470.0000000000002,500.0,4.123105625617661,3.0,0.0,8,2
280,0903-8-py,3.0,word,1693742820.1709528,1458.0000000000002,499.00000000000017,12.041594578792296,3.0,0.0,8,2
281,0903-8-py,3.0,word,1693742820.202242,1331.0,500.00000000000006,127.00393694685216,3.0,0.0,0,2
282,0903-8-py,3.0,word,1693742820.2341423,928.0000000000002,536.0,404.6047453997543,3.0,0.0,0,3
283,0903-8-py,3.0,word,1693742820.265409,652.0000000000001,567.0,277.73548566936853,3.0,0.0,0,3
284,0903-8-py,3.0,word,1693742820.297626,545.0,570.0000000000001,107.0420478129973,3.0,0.0,3,3
285,0903-8-py,3.0,word,1693742820.3137195,505.0,569.0000000000001,40.01249804748511,3.0,0.0,10,3
286,0903-8-py,3.0,word,1693742820.346753,491.0000000000001,568.0000000000001,14.0356688476182,3.0,0.0,10,3
287,0903-8-py,3.0,word,1693742820.3790164,482.00000000000006,566.0000000000001,9.219544457292889,3.0,0.0,10,3
288,0903-8-py,3.0,word,1693742820.409315,481.0000000000002,565.0000000000002,1.4142135623730951,3.0,0.0,9,3
289,0903-8-py,3.0,word,1693742820.4429312,478.00000000000017,564.0000000000001,3.1622776601683795,3.0,0.0,9,3
290,0903-8-py,3.0,word,1693742820.474144,475.00000000000006,563.0000000000001,3.1622776601683795,3.0,0.0,9,3
291,0903-8-py,3.0,word,1693742820.5061457,474.0000000000001,563.0,1.0,3.0,0.0,9,3
292,0903-8-py,3.0,word,1693742820.5381763,473.00000000000006,563.0,1.0,3.0,0.0,9,3
293,0903-8-py,3.0,word,1693742820.5534856,470.0000000000001,566.0000000000002,4.242640687119285,3.0,0.0,9,3
294,0903-8-py,3.0,word,1693742820.585796,468.0000000000001,569.0000000000001,3.605551275463989,3.0,0.0,9,3
295,0903-8-py,3.0,word,1693742820.6179404,473.0,655.0000000000001,86.14522621712709,3.0,0.0,4,5
296,0903-8-py,3.0,word,1693742820.7140834,504.0,648.0000000000001,31.78049716414141,3.0,0.0,5,5
297,0903-8-py,3.0,word,1693742820.7454162,514.0,633.0000000000002,18.027756377319943,3.0,0.0,6,4
298,0903-8-py,3.0,word,1693742820.778305,519.0000000000001,626.0000000000001,8.602325267042627,3.0,0.0,6,4
299,0903-8-py,3.0,word,1693742820.8097856,525.0,618.0000000000001,10.0,3.0,0.0,6,4
300,0903-8-py,3.0,word,1693742820.8421297,532.0,606.0000000000001,13.892443989449804,3.0,0.0,5,4
301,0903-8-py,3.0,word,1693742820.8581302,551.0000000000001,593.0000000000001,23.021728866442675,3.0,0.0,5,4
302,0903-8-py,3.0,word,1693742820.8895626,594.0000000000001,578.0000000000001,45.5411901469428,3.0,0.0,2,3
303,0903-8-py,3.0,word,1693742820.92223,636.0000000000002,564.0,44.27188724235731,3.0,0.0,2,3
304,0903-8-py,3.0,word,1693742820.9535637,663.0000000000001,555.0000000000002,28.46049894151541,3.0,0.0,1,3
305,0903-8-py,3.0,word,1693742820.9859045,741.0000000000002,506.0,92.11405973031478,3.0,0.0,0,2
306,0903-8-py,3.0,word,1693742821.1141431,735.0000000000001,685.0000000000002,179.10053042914194,3.0,0.0,2,5
307,0903-8-py,3.0,word,1693742821.1301775,740.0,664.0,21.587033144922906,3.0,0.0,3,5
308,0903-8-py,3.0,word,1693742821.1620882,743.0,632.0000000000001,32.14031735997639,3.0,0.0,4,4
309,0903-8-py,3.0,word,1693742821.193339,744.0000000000001,604.0000000000002,28.0178514522438,3.0,0.0,4,4
310,0903-8-py,3.0,word,1693742821.225911,745.0000000000001,585.0000000000001,19.026297590440446,3.0,0.0,3,3
311,0903-8-py,3.0,word,1693742821.257875,753.0000000000002,568.0,18.788294228055936,3.0,0.0,2,3
312,0903-8-py,3.0,word,1693742821.4021254,833.0,580.0000000000001,80.89499366462674,3.0,0.0,6,3
313,0903-8-py,3.0,word,1693742821.433297,848.0000000000002,561.0000000000001,24.20743687382041,3.0,0.0,7,3
314,0903-8-py,3.0,word,1693742821.4653916,854.0000000000002,549.0000000000001,13.41640786499874,3.0,0.0,8,3
315,0903-8-py,3.0,word,1693742821.497573,859.0000000000001,544.0000000000001,7.071067811865476,3.0,0.0,8,3
316,0903-8-py,3.0,word,1693742821.5297062,862.0000000000002,542.0000000000001,3.605551275463989,3.0,0.0,8,3
317,0903-8-py,3.0,word,1693742821.563869,864.0000000000001,541.0000000000001,2.23606797749979,3.0,0.0,8,3
318,0903-8-py,3.0,word,1693742821.5934582,877.0000000000002,539.0000000000001,13.152946437965904,3.0,0.0,10,3
319,0903-8-py,3.0,word,1693742821.626233,899.0000000000002,539.0000000000002,22.0,3.0,0.0,15,3
320,0903-8-py,3.0,word,1693742821.6573486,917.0000000000002,539.0000000000001,18.0,3.0,0.0,15,3
321,0903-8-py,3.0,word,1693742821.6736095,930.0000000000002,540.0000000000001,13.038404810405298,3.0,0.0,11,3
322,0903-8-py,3.0,word,1693742821.7059796,939.0000000000002,541.0000000000001,9.055385138137416,3.0,0.0,11,3
323,0903-8-py,3.0,word,1693742821.7382226,946.0000000000002,542.0000000000001,7.071067811865476,3.0,0.0,11,3
324,0903-8-py,3.0,word,1693742821.7693875,951.0,543.0000000000001,5.0990195135927845,3.0,0.0,11,3
325,0903-8-py,3.0,word,1693742821.8016758,956.0000000000002,543.0,5.0,3.0,0.0,11,3
326,0903-8-py,3.0,word,1693742821.8342404,959.0000000000005,544.0000000000001,3.1622776601683795,3.0,0.0,11,3
327,0903-8-py,3.0,word,1693742821.865614,961.0000000000005,544.0000000000001,2.0,3.0,0.0,11,3
328,0903-8-py,3.0,word,1693742821.8979344,961.0000000000005,544.0000000000001,0.0,3.0,0.0,11,3
329,0903-8-py,3.0,word,1693742821.9301784,972.0000000000005,545.0000000000002,11.04536101718726,3.0,0.0,10,3
330,0903-8-py,3.0,word,1693742821.9460626,1004.0000000000002,546.0,32.01562118716424,3.0,0.0,9,3
331,0903-8-py,3.0,word,1693742821.97746,1038.0000000000002,545.0000000000001,34.0147027033899,3.0,0.0,5,3
332,0903-8-py,3.0,word,1693742822.0106745,1063.0000000000002,545.0000000000001,25.0,3.0,0.0,17,3
333,0903-8-py,3.0,word,1693742822.0430255,1081.0000000000002,544.0000000000001,18.027756377319943,3.0,0.0,16,3
334,0903-8-py,3.0,word,1693742822.074172,1093.0000000000005,545.0000000000001,12.041594578792296,3.0,0.0,17,3
335,0903-8-py,3.0,word,1693742822.106286,1101.0000000000002,546.0,8.06225774829855,3.0,0.0,17,3
336,0903-8-py,3.0,word,1693742822.1392205,1107.0,547.0,6.082762530298219,3.0,0.0,16,3
337,0903-8-py,3.0,word,1693742822.171131,1111.0000000000002,547.0000000000002,4.0,3.0,0.0,16,3
338,0903-8-py,3.0,word,1693742822.1871705,1115.0000000000002,546.0,4.123105625617661,3.0,0.0,16,3
339,0903-8-py,3.0,word,1693742822.2173026,1118.0,546.0,3.0,3.0,0.0,16,3
340,0903-8-py,3.0,word,1693742822.2494547,1120.0000000000002,546.0000000000001,2.0,3.0,0.0,16,3
341,0903-8-py,3.0,word,1693742822.282042,1121.0000000000002,546.0000000000001,1.0,3.0,0.0,16,3
342,0903-8-py,3.0,word,1693742822.314073,1116.0000000000002,546.0000000000001,5.0,3.0,0.0,16,3
343,0903-8-py,3.0,word,1693742822.3453245,1113.0000000000005,546.0000000000001,3.0,3.0,0.0,16,3
344,0903-8-py,3.0,word,1693742822.3782148,1110.0,545.0000000000001,3.1622776601683795,3.0,0.0,16,3
345,0903-8-py,3.0,word,1693742822.409525,1107.0,544.0000000000001,3.1622776601683795,3.0,0.0,16,3
346,0903-8-py,3.0,word,1693742822.442101,1102.0,544.0000000000001,5.0,3.0,0.0,16,3
347,0903-8-py,3.0,word,1693742822.458003,1105.0,544.0000000000001,3.0,3.0,0.0,16,3
348,0903-8-py,3.0,word,1693742822.490028,1150.0000000000002,546.0000000000001,45.044422518220834,3.0,0.0,14,3
349,0903-8-py,3.0,word,1693742822.5231955,1250.0000000000002,550.0,100.07996802557444,3.0,0.0,0,3
350,0903-8-py,3.0,word,1693742822.5534644,1329.0,552.0000000000001,79.02531240052139,3.0,0.0,1,3
351,0903-8-py,3.0,word,1693742822.585609,1380.0000000000005,553.0,51.0098029794274,3.0,0.0,4,3
352,0903-8-py,3.0,word,1693742822.6178246,1411.0000000000005,553.0000000000001,31.0,3.0,0.0,7,3
353,0903-8-py,3.0,word,1693742822.6498048,1430.0000000000002,555.0000000000001,19.1049731745428,3.0,0.0,14,3
354,0903-8-py,3.0,word,1693742822.6822343,1442.0,557.0,12.16552506059644,3.0,0.0,17,3
355,0903-8-py,3.0,word,1693742822.7136383,1450.0,556.0,8.06225774829855,3.0,0.0,16,3
356,0903-8-py,3.0,word,1693742822.7468748,1457.0000000000002,555.0,7.071067811865476,3.0,0.0,16,3
357,0903-8-py,3.0,word,1693742822.761876,1465.0000000000002,554.0,8.06225774829855,3.0,0.0,16,3
358,0903-8-py,3.0,word,1693742822.7939005,1472.0000000000002,556.0,7.280109889280518,3.0,0.0,16,3
359,0903-8-py,3.0,word,1693742822.8268764,1479.0000000000005,557.0,7.071067811865476,3.0,0.0,15,3
360,0903-8-py,3.0,word,1693742822.8588762,1482.0000000000002,559.0000000000001,3.605551275463989,3.0,0.0,14,3
361,0903-8-py,3.0,word,1693742822.8902123,1486.0000000000002,560.0000000000001,4.123105625617661,3.0,0.0,14,3
362,0903-8-py,3.0,word,1693742822.921373,1488.0000000000002,561.0000000000001,2.23606797749979,3.0,0.0,14,3
363,0903-8-py,3.0,word,1693742822.9537392,1490.0000000000002,561.0,2.0,3.0,0.0,14,3
364,0903-8-py,3.0,word,1693742822.985782,1492.0000000000005,562.0000000000001,2.23606797749979,3.0,0.0,14,3
365,0903-8-py,3.0,word,1693742823.0019138,1493.0,562.0,1.0,3.0,0.0,14,3
366,0903-8-py,3.0,word,1693742823.034174,1494.0000000000002,563.0,1.4142135623730951,3.0,0.0,13,3
367,0903-8-py,3.0,word,1693742823.065367,1490.0,564.0,4.123105625617661,3.0,0.0,14,3
368,0903-8-py,3.0,word,1693742823.0973608,1415.9999999999998,564.0000000000001,74.0,3.0,0.0,0,3
369,0903-8-py,3.0,word,1693742823.1296926,1067.0000000000005,588.0000000000001,349.82424158425613,3.0,0.0,0,4
370,0903-8-py,3.0,word,1693742823.1614518,742.0000000000002,616.0000000000001,326.20392394942155,3.0,0.0,0,4
371,0903-8-py,3.0,word,1693742823.1936064,611.0000000000001,621.0000000000001,131.0953851209111,3.0,0.0,1,4
372,0903-8-py,3.0,word,1693742823.225646,562.0000000000001,623.0,49.04079934095692,3.0,0.0,5,4
373,0903-8-py,3.0,word,1693742823.2579608,546.0000000000001,621.0000000000001,16.1245154965971,3.0,0.0,5,4
374,0903-8-py,3.0,word,1693742823.274283,536.0000000000001,618.0000000000001,10.44030650891055,3.0,0.0,6,4
375,0903-8-py,3.0,word,1693742823.3055365,530.0000000000001,620.0000000000001,6.324555320336759,3.0,0.0,7,4
376,0903-8-py,3.0,word,1693742823.337608,513.0000000000001,624.0,17.46424919657298,3.0,0.0,15,4
377,0903-8-py,3.0,word,1693742823.3698726,492.0,627.0000000000001,21.213203435596427,3.0,0.0,13,4
378,0903-8-py,3.0,word,1693742823.4013453,480.00000000000006,630.0000000000001,12.36931687685298,3.0,0.0,11,4
379,0903-8-py,3.0,word,1693742823.4335046,473.0,632.0,7.280109889280518,3.0,0.0,10,4
380,0903-8-py,3.0,word,1693742823.4656131,466.0000000000001,634.0,7.280109889280518,3.0,0.0,9,4
381,0903-8-py,3.0,word,1693742823.4975045,464.0,636.0000000000002,2.8284271247461903,3.0,0.0,9,4
382,0903-8-py,3.0,word,1693742823.513849,480.00000000000006,636.0000000000001,16.0,3.0,0.0,11,4
383,0903-8-py,3.0,word,1693742823.547156,491.0,635.0000000000001,11.04536101718726,3.0,0.0,13,4
384,0903-8-py,3.0,word,1693742823.578458,504.00000000000017,634.0000000000001,13.038404810405298,3.0,0.0,15,4
385,0903-8-py,3.0,word,1693742823.6096072,523.0000000000002,629.0000000000002,19.6468827043885,3.0,0.0,15,4
386,0903-8-py,3.0,word,1693742823.6419952,544.0,624.0000000000002,21.587033144922906,3.0,0.0,5,4
387,0903-8-py,3.0,word,1693742823.6741564,563.0,623.0000000000001,19.026297590440446,3.0,0.0,4,4
388,0903-8-py,3.0,word,1693742823.7053404,592.0000000000002,622.0000000000001,29.017236257093817,3.0,0.0,3,4
389,0903-8-py,3.0,word,1693742823.7375188,641.0,620.0000000000002,49.04079934095692,3.0,0.0,3,4
390,0903-8-py,3.0,word,1693742823.7697582,680.0,619.0000000000001,39.01281840626232,3.0,0.0,6,4
391,0903-8-py,3.0,word,1693742823.8022003,702.0000000000002,616.0,22.20360331117452,3.0,0.0,10,4
392,0903-8-py,3.0,word,1693742823.8334076,716.0000000000001,613.0000000000001,14.317821063276352,3.0,0.0,10,4
393,0903-8-py,3.0,word,1693742823.8495214,728.0,611.0,12.16552506059644,3.0,0.0,10,4
394,0903-8-py,3.0,word,1693742823.897952,736.0000000000001,612.0000000000001,8.06225774829855,3.0,0.0,10,4
395,0903-8-py,3.0,word,1693742823.9141457,743.0000000000001,613.0000000000001,7.071067811865476,3.0,0.0,10,4
396,0903-8-py,3.0,word,1693742823.9453738,748.0000000000005,612.0000000000002,5.0990195135927845,3.0,0.0,9,4
397,0903-8-py,3.0,word,1693742823.9776533,750.0000000000002,612.0000000000001,2.0,3.0,0.0,9,4
398,0903-8-py,3.0,word,1693742824.0099378,752.0000000000001,610.0000000000001,2.8284271247461903,3.0,0.0,9,4
399,0903-8-py,3.0,word,1693742824.04137,753.0000000000002,609.0000000000001,1.4142135623730951,3.0,0.0,9,4
400,0903-8-py,3.0,word,1693742824.0746849,774.9999999999999,609.0000000000001,22.0,3.0,0.0,9,4
401,0903-8-py,3.0,word,1693742824.089685,826.0000000000001,610.0,51.0098029794274,3.0,0.0,2,4
402,0903-8-py,3.0,word,1693742824.121685,870.0000000000002,608.0000000000001,44.04543109109048,3.0,0.0,4,4
403,0903-8-py,3.0,word,1693742824.1548877,901.0,605.0,31.14482300479488,3.0,0.0,7,4
404,0903-8-py,3.0,word,1693742824.1871536,921.0000000000002,603.0000000000001,20.09975124224178,3.0,0.0,6,4
405,0903-8-py,3.0,word,1693742824.2184346,933.0000000000005,602.0000000000002,12.041594578792296,3.0,0.0,6,4
406,0903-8-py,3.0,word,1693742824.2498064,942.0000000000005,601.0000000000001,9.055385138137416,3.0,0.0,5,4
407,0903-8-py,3.0,word,1693742824.2814076,930.0000000000005,601.0000000000002,12.0,3.0,0.0,6,4
408,0903-8-py,3.0,word,1693742824.313776,905.0,601.0000000000001,25.0,3.0,0.0,6,4
409,0903-8-py,3.0,word,1693742824.34629,838.9999999999999,602.0000000000001,66.007575322837,3.0,0.0,0,4
410,0903-8-py,3.0,word,1693742824.362224,768.0000000000001,600.0000000000001,71.02816342831905,3.0,0.0,1,4
411,0903-8-py,3.0,word,1693742824.3933344,714.0000000000002,597.0000000000001,54.08326913195984,3.0,0.0,3,4
412,0903-8-py,3.0,word,1693742824.4255557,676.0000000000001,596.0000000000001,38.01315561749642,3.0,0.0,3,4
413,0903-8-py,3.0,word,1693742824.457724,652.0000000000003,594.0000000000001,24.08318915758459,3.0,0.0,3,4
414,0903-8-py,3.0,word,1693742824.4900265,617.0000000000001,598.0,35.22782990761707,3.0,0.0,3,4
415,0903-8-py,3.0,word,1693742824.521496,569.0000000000001,608.0000000000001,49.03060268852505,3.0,0.0,4,4
416,0903-8-py,3.0,word,1693742824.553655,538.0,613.0000000000001,31.400636936215164,3.0,0.0,8,4
417,0903-8-py,3.0,word,1693742824.587049,521.0000000000002,618.0000000000001,17.72004514666935,3.0,0.0,11,4
418,0903-8-py,3.0,word,1693742824.6179364,510.00000000000017,622.0000000000001,11.704699910719626,3.0,0.0,13,4
419,0903-8-py,3.0,word,1693742824.6342518,502.0,625.0000000000002,8.54400374531753,3.0,0.0,12,4
420,0903-8-py,3.0,word,1693742824.665516,497.00000000000006,624.0000000000001,5.0990195135927845,3.0,0.0,12,4
421,0903-8-py,3.0,word,1693742824.6977663,494.0000000000001,625.0000000000001,3.1622776601683795,3.0,0.0,12,4
422,0903-8-py,3.0,word,1693742824.7299976,489.0000000000001,626.0000000000001,5.0990195135927845,3.0,0.0,12,4
423,0903-8-py,3.0,word,1693742824.7620852,479.0000000000001,628.0000000000001,10.198039027185567,3.0,0.0,12,4
424,0903-8-py,3.0,word,1693742824.7942233,469.0,629.0,10.04987562112089,3.0,0.0,11,4
425,0903-8-py,3.0,word,1693742824.8253431,464.00000000000006,628.0000000000002,5.0990195135927845,3.0,0.0,11,4
426,0903-8-py,3.0,word,1693742824.859229,460.00000000000017,630.0000000000002,4.47213595499958,3.0,0.0,11,4
427,0903-8-py,3.0,word,1693742824.8903587,456.00000000000006,630.0000000000001,4.0,3.0,0.0,10,4
428,0903-8-py,3.0,word,1693742824.905872,469.0,614.0000000000001,20.615528128088304,3.0,0.0,11,4
429,0903-8-py,3.0,word,1693742824.9378796,520.0000000000001,553.0000000000001,79.51100552753688,3.0,0.0,0,3
430,0903-8-py,3.0,word,1693742824.9700854,569.0000000000002,488.00000000000017,81.40024569987489,3.0,0.0,1,2
431,0903-8-py,3.0,word,1693742825.0015397,600.0,447.00000000000006,51.40038910358559,3.0,0.0,10,1
432,0903-8-py,3.0,word,1693742825.0336697,620.0000000000001,422.0000000000001,32.01562118716424,3.0,0.0,10,1
433,0903-8-py,3.0,word,1693742825.065799,629.0,409.00000000000006,15.811388300841896,3.0,0.0,10,0
434,0903-8-py,3.0,word,1693742825.0981278,632.9999999999999,414.0,6.4031242374328485,3.0,0.0,10,0
435,0903-8-py,3.0,word,1693742825.130295,636.0000000000003,426.0,12.36931687685298,3.0,0.0,10,1
436,0903-8-py,3.0,word,1693742825.1622412,636.9999999999999,432.0000000000001,6.082762530298219,3.0,0.0,10,1
437,0903-8-py,3.0,word,1693742825.1782415,638.0000000000001,436.0,4.123105625617661,3.0,0.0,10,1
438,0903-8-py,3.0,word,1693742825.210395,639.0000000000001,439.0,3.1622776601683795,3.0,0.0,10,1
439,0903-8-py,3.0,word,1693742825.2418666,640.0000000000002,441.00000000000006,2.23606797749979,3.0,0.0,10,1
440,0903-8-py,3.0,word,1693742825.2741284,643.9999999999999,443.00000000000006,4.47213595499958,3.0,0.0,10,1
441,0903-8-py,3.0,word,1693742825.3061416,678.0000000000002,448.0,34.36568055487916,3.0,0.0,10,1
442,0903-8-py,3.0,word,1693742825.3380642,734.0000000000001,454.00000000000006,56.32051136131489,3.0,0.0,2,1
443,0903-8-py,3.0,word,1693742825.3710997,777.0000000000003,459.00000000000006,43.28972164382672,3.0,0.0,4,1
444,0903-8-py,3.0,word,1693742825.4014592,803.0000000000001,463.0000000000001,26.30589287593181,3.0,0.0,5,1
445,0903-8-py,3.0,word,1693742825.4183438,822.0,464.0,19.026297590440446,3.0,0.0,5,1
446,0903-8-py,3.0,word,1693742825.4498022,835.0000000000002,464.00000000000006,13.0,3.0,0.0,5,1
447,0903-8-py,3.0,word,1693742825.4814022,843.0000000000003,465.00000000000006,8.06225774829855,3.0,0.0,4,1
448,0903-8-py,3.0,word,1693742825.513616,854.0000000000001,493.00000000000006,30.083217912982647,3.0,0.0,5,2
449,0903-8-py,3.0,word,1693742825.545848,865.0000000000001,534.0000000000001,42.44997055358225,3.0,0.0,4,3
450,0903-8-py,3.0,word,1693742825.5780146,873.0000000000003,562.0,29.120439557122072,3.0,0.0,7,3
451,0903-8-py,3.0,word,1693742825.6103134,881.0000000000002,579.0,18.788294228055936,3.0,0.0,7,3
452,0903-8-py,3.0,word,1693742825.642306,887.0000000000001,590.0,12.529964086141668,3.0,0.0,7,4
453,0903-8-py,3.0,word,1693742825.6734142,891.0000000000002,597.0000000000001,8.06225774829855,3.0,0.0,6,4
454,0903-8-py,3.0,word,1693742825.7055726,873.0000000000003,601.0000000000001,18.43908891458577,3.0,0.0,8,4
455,0903-8-py,3.0,word,1693742825.722024,848.0000000000002,603.0000000000001,25.079872407968907,3.0,0.0,15,4
456,0903-8-py,3.0,word,1693742825.7533724,832.0000000000001,604.0000000000001,16.0312195418814,3.0,0.0,23,4
457,0903-8-py,3.0,word,1693742825.7852888,820.9999999999999,605.0000000000001,11.04536101718726,3.0,0.0,18,4
458,0903-8-py,3.0,word,1693742825.8175058,813.0000000000001,606.0000000000001,8.06225774829855,3.0,0.0,18,4
459,0903-8-py,3.0,word,1693742825.8498335,806.0000000000001,607.0000000000001,7.071067811865476,3.0,0.0,16,4
460,0903-8-py,3.0,word,1693742825.8821197,801.0000000000002,608.0000000000001,5.0990195135927845,3.0,0.0,16,4
461,0903-8-py,3.0,word,1693742825.9138193,797.0000000000001,610.0000000000001,4.47213595499958,3.0,0.0,15,4
462,0903-8-py,3.0,word,1693742825.9452946,792.0,610.0000000000001,5.0,3.0,0.0,15,4
463,0903-8-py,3.0,word,1693742825.9621797,789.0000000000002,610.0000000000001,3.0,3.0,0.0,15,4
464,0903-8-py,3.0,word,1693742825.99419,787.0,609.0000000000001,2.23606797749979,3.0,0.0,15,4
465,0903-8-py,3.0,word,1693742826.0257523,785.0000000000001,609.0000000000001,2.0,3.0,0.0,15,4
466,0903-8-py,3.0,word,1693742826.0580063,783.0000000000002,608.0000000000001,2.23606797749979,3.0,0.0,14,4
467,0903-8-py,3.0,word,1693742826.0903378,788.0,607.0000000000001,5.0990195135927845,3.0,0.0,15,4
468,0903-8-py,3.0,word,1693742826.1221209,800.0000000000001,608.0000000000001,12.041594578792296,3.0,0.0,16,4
469,0903-8-py,3.0,word,1693742826.1538332,822.0000000000002,608.0000000000001,22.0,3.0,0.0,18,4
470,0903-8-py,3.0,word,1693742826.1858714,843.0000000000001,606.0,21.095023109728988,3.0,0.0,25,4
471,0903-8-py,3.0,word,1693742826.21813,861.0000000000005,604.0000000000002,18.110770276274835,3.0,0.0,7,4
472,0903-8-py,3.0,word,1693742826.2335508,875.9999999999998,605.0,15.033296378372908,3.0,0.0,6,4
473,0903-8-py,3.0,word,1693742826.26704,887.0,606.0000000000001,11.04536101718726,3.0,0.0,5,4
474,0903-8-py,3.0,word,1693742826.2980392,896.0,608.0000000000001,9.219544457292889,3.0,0.0,5,4
475,0903-8-py,3.0,word,1693742826.3302095,903.0000000000005,606.0000000000001,7.280109889280518,3.0,0.0,5,4
477,0903-8-py,3.0,word,1693742826.5379786,930.0000000000005,692.0000000000002,53.03772242470448,3.0,0.0,2,5
478,0903-8-py,3.0,word,1693742826.570259,938.0000000000002,675.0,18.788294228055936,3.0,0.0,2,5
479,0903-8-py,3.0,word,1693742826.6014423,948.0000000000002,654.0,23.259406699226016,3.0,0.0,2,5
480,0903-8-py,3.0,word,1693742826.6341877,1020.0000000000005,630.0,75.8946638440411,3.0,0.0,0,4
481,0903-8-py,3.0,word,1693742826.7783146,919.0000000000005,646.0,102.25947388873072,3.0,0.0,2,4
482,0903-8-py,3.0,word,1693742826.8093653,940.0000000000002,635.0,23.706539182259394,3.0,0.0,3,4
483,0903-8-py,3.0,word,1693742826.8428397,964.0,625.0,26.0,3.0,0.0,9,4
484,0903-8-py,3.0,word,1693742826.8739483,986.0,619.0,22.80350850198276,3.0,0.0,9,4
485,0903-8-py,3.0,word,1693742826.9053264,1003.0,615.0,17.46424919657298,3.0,0.0,12,4
486,0903-8-py,3.0,word,1693742826.9376264,1014.0000000000002,612.0000000000001,11.40175425099138,3.0,0.0,29,4
487,0903-8-py,3.0,word,1693742826.9708426,1022.0000000000005,609.0000000000001,8.54400374531753,3.0,0.0,29,4
488,0903-8-py,3.0,word,1693742827.001853,1029.0,608.0000000000002,7.071067811865476,3.0,0.0,28,4
489,0903-8-py,3.0,word,1693742827.034843,1035.0000000000002,608.0000000000001,6.0,3.0,0.0,28,4
490,0903-8-py,3.0,word,1693742827.0508423,1040.0000000000005,608.0000000000001,5.0,3.0,0.0,28,4
491,0903-8-py,3.0,word,1693742827.0821393,1045.0000000000002,611.0,5.830951894845301,3.0,0.0,28,4
492,0903-8-py,3.0,word,1693742827.1135664,1051.0000000000002,614.0000000000002,6.708203932499369,3.0,0.0,27,4
493,0903-8-py,3.0,word,1693742827.1455402,1056.0000000000002,616.0000000000001,5.385164807134504,3.0,0.0,27,4
494,0903-8-py,3.0,word,1693742827.1779623,1060.0000000000002,619.0000000000001,5.0,3.0,0.0,27,4
495,0903-8-py,3.0,word,1693742827.210102,1064.0,622.0000000000001,5.0,3.0,0.0,27,4
496,0903-8-py,3.0,word,1693742827.241448,1067.0000000000002,623.0000000000001,3.1622776601683795,3.0,0.0,26,4
497,0903-8-py,3.0,word,1693742827.273489,1068.0000000000002,624.0,1.4142135623730951,3.0,0.0,26,4
498,0903-8-py,3.0,word,1693742827.3057344,1069.0000000000002,625.0000000000001,1.4142135623730951,3.0,0.0,26,4
499,0903-8-py,3.0,word,1693742827.3220286,1070.0000000000005,626.0,1.4142135623730951,3.0,0.0,26,4
500,0903-8-py,3.0,word,1693742827.3541255,1071.0000000000005,627.0,1.4142135623730951,3.0,0.0,26,4
501,0903-8-py,3.0,word,1693742827.3853004,1069.0,626.9999999999999,2.0,3.0,0.0,26,4
502,0903-8-py,3.0,word,1693742827.417714,1065.0000000000002,627.0,4.0,3.0,0.0,27,4
503,0903-8-py,3.0,word,1693742827.4497488,1059.0000000000002,627.0,6.0,3.0,0.0,27,4
504,0903-8-py,3.0,word,1693742827.4830751,1051.0000000000002,626.0,8.06225774829855,3.0,0.0,27,4
505,0903-8-py,3.0,word,1693742827.5134983,1044.0000000000002,625.0000000000001,7.071067811865476,3.0,0.0,28,4
506,0903-8-py,3.0,word,1693742827.5457218,1037.0000000000002,625.0,7.0,3.0,0.0,28,4
507,0903-8-py,3.0,word,1693742827.5777266,1030.0000000000002,625.0000000000001,7.0,3.0,0.0,28,4
508,0903-8-py,3.0,word,1693742827.5937512,1025.0000000000002,624.0000000000001,5.0990195135927845,3.0,0.0,29,4
509,0903-8-py,3.0,word,1693742827.6257591,1020.0000000000005,622.0000000000001,5.385164807134504,3.0,0.0,29,4
510,0903-8-py,3.0,word,1693742827.6580665,1016.0000000000005,621.0000000000001,4.123105625617661,3.0,0.0,29,4
511,0903-8-py,3.0,word,1693742827.68968,1013.0000000000005,619.0,3.605551275463989,3.0,0.0,29,4
512,0903-8-py,3.0,word,1693742827.721569,1010.0,618.0000000000002,3.1622776601683795,3.0,0.0,29,4
